1
5
7
8
11
12
13
14
16
18
19
20
21
22
24
31
32
33
36
37
40
44
47
53
54
55
59
65
66
67
68
69
70
72
73
75
76
77
79
82
84
85
86
88
89
90
93
94
95
96
97
98
100
105
106
108
109
111
114
116
120
123
124
125
130
135
137
138
146
147
149
150
152
156
159
160
162
166
167
168
170
171
173
174
176
177
179
182
183
185
186
187
188
190
191
192
197
200
201
202
204
205
209
210
211
215
216
217
220
224
227
229
232
235
237
242
245
246
247
249
251
253
254
259
261
262
264
265
267
270
275
276
277
278
279
280
281
284
285
287
293
294
297
299
300
303
308
309
312
313
314
316
317
319
320
323
324
325
327
330
331
332
334
336
337
338
344
346
347
349
350
351
355
356
357
358
361
363
367
368
369
370
376
379
380
381
382
384
385
386
387
388
389
391
393
394
396
398
400
403
404
405
406
408
410
412
413
417
418
419
421
423
425
426
430
431
433
434
437
438
440
444
448
451
454
456
458
459
463
464
466
468
471
472
473
474
475
478
479
482
483
486
488
490
491
492
493
494
495
496
497
498
501
503
504
505
506
507
511
512
513
514
515
516
521
523
532
533
534
535
537
539
540
541
543
544
545
548
549
550
552
553
554
555
557
558
560
561
562
563
564
567
570
571
573
576
577
580
585
587
588
589
590
591
593
595
596
597
598
599
601
602
604
609
611
612
613
616
617
618
620
621
622
624
627
631
632
635
636
637
638
640
641
643
645
647
648
649
650
651
652
654
655
657
658
659
661
662
663
669
670
671
672
677
678
679
682
683
684
688
689
691
694
695
696
697
698
701
705
709
710
712
713
715
717
719
720
722
723
724
726
728
731
732
733
734
735
739
740
742
743
744
745
746
747
748
749
753
754
756
757
758
762
765
766
768
771
774
775
776
778
779
780
781
782
784
785
786
787
788
792
794
796
797
798
799
801
802
804
806
812
813
814
815
819
821
822
827
828
831
832
833
834
835
836
840
844
846
847
850
851
852
853
856
857
860
863
869
873
874
878
881
883
887
889
890
893
894
895
896
898
899
902
907
908
909
910
912
915
917
918
920
922
924
925
926
927
928
933
935
936
939
944
945
948
950
951
952
953
955
961
963
967
968
973
976
977
979
985
986
987
988
989
990
991
1000
1001
1002
1004
1005
1007
1008
1009
1010
1011
1013
1015
1016
1019
1020
1021
1022
1027
1029
1030
1031
1032
1033
1038
1039
1040
1042
1044
1050
1051
1054
1055
1058
1059
1060
1062
1067
1071
1072
1075
1078
1079
1083
1085
1087
1089
1090
1093
1094
1096
1100
1101
1105
1106
1107
1112
1113
1115
1116
1117
1119
1120
1122
1124
1127
1128
1129
1130
1131
1132
1133
1134
1137
1140
1144
1145
1147
1151
1155
1156
1158
1159
1160
1161
1163
1164
1166
1168
1170
1171
1177
1178
1179
1180
1184
1185
1186
1187
1189
1190
1193
1194
1195
1197
1198
1200
1201
1206
1208
1212
1213
1219
1223
1224
1226
1227
1228
1229
1235
1236
1237
1238
1240
1241
1242
1243
1245
1247
1248
1249
1250
1253
1254
1255
1256
1257
1259
1260
1261
1262
1263
1265
1267
1269
1274
1280
1281
1282
1284
1286
1287
1288
1291
1292
1293
1295
1296
1297
1300
1302
1307
1308
1310
1311
1313
1316
1317
1318
1320
1322
1323
1325
1327
1332
1334
1335
1336
1337
1338
1341
1342
1344
1345
1346
1347
1348
1352
1353
1354
1355
1356
1359
1360
1365
1367
1368
1369
1370
1373
1375
1376
1378
1380
1382
1383
1384
1385
1386
1388
1390
1391
1392
1394
1395
1396
1399
1400
1403
1404
1405
1406
1407
1408
1409
1411
1412
1414
1415
1416
1417
1420
1424
1425
1426
1427
1432
1433
1434
1439
1441
1442
1445
1446
1447
1448
1449
1452
1454
1455
1456
1459
1460
1462
1463
1470
1471
1472
1473
1475
1476
1477
1478
1480
1481
1482
1483
1486
1487
1489
1490
1492
1494
1497
1498
1501
1504
1506
1509
1511
1512
1513
1514
1515
1516
1517
1520
1521
1522
1524
1527
1531
1532
1536
1539
1540
1542
1543
1544
1547
1548
1549
1550
1551
1556
1557
1560
1561
1566
1568
1569
1570
1573
1575
1577
1578
1579
1581
1582
1583
1584
1585
1586
1589
1590
1593
1594
1595
1598
1599
1602
1603
1605
1608
1611
1612
1613
1616
1617
1618
1621
1624
1625
1626
1627
1630
1631
1632
1637
1638
1640
1646
1650
1651
1652
1654
1655
1657
1658
1660
1662
1665
1667
1668
1669
1670
1671
1672
1674
1676
1677
1681
1682
1683
1685
1688
1690
1691
1693
1696
1698
1699
1700
1701
1705
1706
1707
1708
1711
1712
1714
1716
1717
1722
1725
1726
1728
1733
1736
1738
1739
1740
1741
1742
1743
1745
1746
1750
1751
1752
1753
1754
1756
1757
1758
1760
1762
1763
1767
1770
1772
1773
1775
1776
1777
1780
1781
1783
1784
1787
1788
1789
1791
1792
1794
1795
1796
1798
1799
1801
1802
1804
1805
1808
1809
1810
1812
1815
1817
1818
1820
1824
1826
1827
1828
1829
1830
1839
1840
1842
1843
1844
1845
1848
1849
1855
1857
1858
1862
1864
1867
1868
1871
1872
1874
1875
1876
1879
1880
1886
1887
1891
1892
1893
1895
1898
1899
1900
1901
1904
1905
1907
1908
1909
1910
1912
1914
1915
1916
1917
1919
1920
1922
1923
1925
1927
1928
1932
1935
1936
1937
1940
1941
1943
1944
1945
1946
1952
1954
1955
1956
1958
1959
1960
1961
1962
1963
1964
1965
1966
1967
1968
1972
1973
1974
1975
1977
1980
1981
1986
1988
1989
1991
1993
1995
1996
1997
1999
2000
2002
2003
2004
2005
2006
2007
2008
2011
2012
2013
2014
2016
2017
2018
2023
2028
2029
2030
2035
2036
2037
2038
2039
2042
2043
2047
2049
2051
2052
2054
2055
2056
2057
2059
2060
2065
2068
2070
2078
2079
2082
2084
2085
2088
2093
2094
2095
2096
2097
2099
2100
2102
2104
2105
2106
2107
2108
2114
2115
2116
2118
2120
2121
2125
2128
2129
2130
2132
2134
2135
2138
2145
2146
2147
2149
2150
2151
2152
2153
2155
2156
2157
2158
2160
2162
2166
2167
2169
2170
2171
2172
2173
2175
2176
2178
2180
2181
2183
2184
2185
2187
2188
2189
2190
2191
2192
2195
2197
2201
2202
2206
2207
2208
2212
2215
2217
2219
2221
2223
2226
2228
2231
2232
2235
2241
2242
2243
2244
2247
2249
2250
2253
2254
2256
2257
2259
2260
2263
2265
2268
2269
2270
2271
2273
2274
2275
2276
2280
2283
2284
2286
2288
2289
2291
2294
2295
2297
2304
2305
2306
2307
2308
2309
2311
2313
2317
2318
2320
2321
2331
2334
2336
2337
2341
2342
2344
2345
2347
2348
2351
2352
2355
2357
2358
2359
2360
2361
2363
2364
2365
2366
2367
2370
2375
2376
2377
2378
2379
2382
2383
2386
2388
2391
2393
2394
2396
2397
2399
2401
2402
2403
2404
2406
2410
2411
2412
2413
2414
2415
2417
2418
2419
2421
2423
2424
2425
2427
2428
2429
2430
2431
2432
2433
2436
2437
2438
2441
2442
2443
2445
2446
2449
2451
2452
2453
2455
2457
2458
2459
2460
2462
2463
2469
2473
2474
2475
2476
2477
2481
2486
2491
2492
2494
2497
2500
2501
2505
2507
2508
2509
2510
2512
2513
2514
2519
2520
2523
2526
2529
2530
2532
2534
2537
2538
2539
2540
2541
2542
2545
2546
2548
2549
2550
2553
2554
2556
2557
2559
2560
2562
2564
2565
2567
2573
2574
2575
2577
2578
2579
2580
2582
2583
2589
2590
2591
2594
2595
2596
2597
2600
2601
2602
2605
2606
2609
2610
2611
2612
2614
2615
2616
2619
2620
2621
2622
2627
2629
2630
2631
2632
2634
2635
2636
2639
2640
2641
2643
2644
2646
2647
2650
2651
2653
2654
2657
2659
2660
2661
2662
2668
2669
2670
2671
2674
2675
2676
2677
2678
2679
2681
2685
2688
2689
2690
2691
2692
2693
2694
2698
2700
2701
2702
2703
2704
2706
2708
2711
2713
2715
2716
2719
2722
2724
2725
2726
2729
2730
2732
2734
2740
2742
2743
2745
2748
2751
2754
2755
2761
2763
2770
2772
2774
2776
2777
2778
2779
2781
2785
2786
2788
2789
2792
2794
2796
2797
2799
2803
2804
2805
2806
2813
2814
2816
2817
2818
2819
2820
2821
2822
2823
2824
2825
2828
2829
2831
2833
2834
2838
2840
2841
2843
2845
2846
2849
2850
2851
2854
2855
2860
2862
2863
2865
2869
2871
2876
2877
2878
2880
2883
2884
2885
2889
2892
2894
2895
2896
2897
2898
2899
2900
2901
2904
2905
2906
2907
2908
2910
2911
2912
2916
2917
2920
2922
2923
2924
2925
2931
2932
2933
2934
2936
2938
2940
2943
2945
2946
2947
2948
2949
2950
2953
2955
2963
2968
2971
2974
2976
2980
2981
2984
2986
2988
2990
2991
2993
2994
2995
2996
2997
2998
3001
3003
3005
3006
3012
3014
3015
3016
3020
3021
3022
3026
3027
3031
3032
3033
3039
3042
3043
3045
3047
3050
3052
3054
3056
3057
3058
3061
3062
3063
3067
3071
3072
3073
3074
3075
3077
3078
3079
3083
3084
3087
3088
3090
3091
3092
3093
3094
3098
3102
3103
3106
3107
3108
3109
3110
3111
3112
3115
3121
3122
3123
3124
3129
3131
3132
3136
3137
3138
3141
3143
3144
3145
3146
3147
3149
3151
3153
3155
3156
3158
3160
3162
3163
3164
3165
3167
3168
3169
3170
3171
3172
3173
3174
3175
3179
3180
3185
3191
3192
3193
3197
3198
3202
3204
3205
3209
3210
3211
3212
3216
3217
3218
3220
3224
3225
3230
3232
3233
3235
3236
3240
3243
3245
3248
3251
3252
3253
3256
3262
3264
3266
3267
3269
3271
3273
3277
3278
3279
3281
3287
3288
3290
3291
3294
3297
3298
3299
3302
3303
3304
3307
3309
3310
3312
3317
3318
3321
3324
3325
3327
3328
3330
3331
3333
3334
3335
3342
3344
3348
3349
3350
3351
3352
3353
3355
3359
3360
3361
3364
3365
3367
3368
3371
3372
3373
3378
3379
3380
3381
3382
3383
3387
3389
3390
3393
3394
3397
3398
3399
3400
3402
3404
3405
3407
3408
3409
3412
3415
3416
3417
3419
3420
3422
3423
3424
3426
3429
3430
3432
3434
3435
3436
3440
3441
3442
3445
3449
3450
3451
3452
3454
3455
3460
3461
3462
3464
3465
3466
3467
3471
3472
3473
3475
3476
3477
3478
3479
3480
3481
3482
3483
3484
3485
3486
3490
3492
3497
3500
3502
3504
3508
3509
3510
3511
3515
3516
3517
3518
3519
3522
3524
3526
3527
3528
3530
3533
3534
3537
3540
3541
3543
3545
3547
3548
3551
3555
3558
3561
3563
3565
3566
3567
3571
3572
3575
3577
3578
3580
3582
3583
3585
3586
3587
3588
3589
3592
3593
3594
3600
3601
3605
3609
3612
3613
3615
3616
3617
3618
3620
3623
3624
3625
3626
3627
3628
3629
3630
3633
3634
3640
3644
3646
3648
3649
3650
3651
3654
3655
3658
3660
3661
3662
3663
3664
3665
3669
3672
3674
3675
3676
3677
3678
3681
3683
3684
3685
3686
3691
3692
3693
3694
3695
3697
3700
3701
3702
3703
3704
3705
3707
3708
3709
3710
3711
3712
3713
3714
3715
3716
3718
3719
3720
3721
3722
3723
3724
3726
3727
3728
3730
3732
3733
3734
3735
3737
3740
3741
3742
3745
3746
3748
3751
3752
3757
3759
3761
3762
3763
3764
3765
3766
3768
3769
3776
3777
3779
3781
3788
3789
3792
3794
3795
3796
3797
3799
3802
3805
3810
3811
3812
3813
3814
3816
3817
3818
3819
3822
3823
3825
3826
3827
3829
3830
3832
3834
3835
3838
3839
3840
3842
3843
3844
3845
3847
3848
3850
3851
3852
3854
3855
3858
3859
3860
3861
3862
3865
3866
3868
3875
3876
3877
3878
3881
3882
3883
3884
3885
3888
3890
3891
3893
3894
3895
3896
3897
3901
3902
3903
3904
3905
3907
3908
3909
3910
3911
3912
3915
3916
3923
3924
3926
3927
3928
3929
3930
3931
3934
3935
3936
3938
3940
3941
3943
3944
3945
3948
3949
3950
3952
3955
3956
3957
3958
3959
3960
3961
3962
3963
3965
3967
3968
3969
3974
3977
3978
3979
3982
3984
3985
3989
3990
3993
3995
3997
3998
3999
4002
4003
4004
4006
4007
4009
4013
4015
4016
4017
4019
4021
4022
4023
4026
4029
4031
4032
4033
4037
4041
4043
4045
4046
4051
4054
4055
4058
4063
4064
4066
4067
4068
4071
4072
4073
4074
4075
4076
4078
4079
4081
4082
4085
4086
4087
4088
4089
4090
4091
4095
4096
4099
4100
4101
4102
4103
4104
4105
4106
4107
4113
4117
4120
4121
4125
4128
4129
4131
4134
4135
4136
4138
4139
4146
4147
4148
4150
4153
4155
4156
4157
4162
4163
4168
4171
4176
4177
4178
4181
4183
4185
4187
4192
4193
4194
4196
4197
4199
4200
4202
4204
4205
4207
4210
4211
4213
4214
4216
4217
4218
4219
4220
4221
4223
4224
4225
4226
4228
4231
4232
4234
4235
4237
4238
4240
4244
4245
4246
4247
4249
4250
4251
4252
4253
4254
4255
4256
4261
4262
4264
4265
4267
4268
4269
4270
4272
4274
4275
4277
4281
4282
4285
4290
4292
4295
4297
4300
4302
4307
4308
4309
4310
4311
4313
4314
4315
4316
4317
4318
4321
4322
4326
4327
4329
4330
4331
4333
4334
4336
4340
4341
4342
4343
4345
4346
4349
4351
4353
4354
4355
4356
4357
4359
4361
4362
4363
4365
4369
4370
4371
4372
4373
4374
4375
4376
4377
4378
4379
4384
4387
4388
4390
4392
4394
4395
4400
4403
4405
4407
4410
4411
4413
4414
4416
4417
4418
4420
4422
4423
4424
4425
4427
4428
4430
4431
4433
4436
4437
4439
4440
4441
4442
4448
4449
4451
4452
4455
4456
4457
4459
4462
4464
4465
4468
4469
4471
4473
4476
4477
4478
4481
4483
4485
4486
4488
4489
4490
4495
4497
4501
4502
4505
4507
4508
4511
4513
4514
4516
4517
4518
4523
4527
4528
4529
4533
4536
4537
4540
4541
4542
4544
4546
4547
4549
4550
4551
4552
4554
4555
4557
4558
4559
4560
4568
4571
4573
4578
4579
4582
4585
4586
4587
4588
4589
4590
4592
4593
4594
4595
4597
4601
4604
4608
4610
4612
4613
4616
4618
4622
4623
4624
4627
4630
4632
4636
4639
4642
4644
4645
4647
4649
4650
4651
4653
4654
4655
4656
4657
4658
4659
4661
4662
4663
4664
4668
4670
4671
4672
4673
4674
4675
4676
4678
4682
4684
4685
4686
4687
4688
4690
4691
4692
4693
4694
4697
4698
4700
4701
4702
4707
4709
4710
4712
4713
4714
4715
4716
4717
4718
4719
4720
4721
4722
4724
4726
4727
4729
4730
4731
4732
4735
4736
4737
4738
4739
4741
4742
4743
4744
4750
4755
4756
4758
4759
4760
4763
4764
4767
4768
4769
4772
4773
4775
4776
4777
4778
4779
4780
4781
4787
4789
4792
4794
4796
4797
4799
4800
4802
4805
4806
4809
4811
4812
4816
4817
4818
4819
4820
4821
4823
4826
4829
4830
4833
4834
4835
4836
4837
4841
4846
4848
4849
4853
4855
4856
4857
4862
4866
4867
4868
4869
4870
4871
4872
4873
4875
4877
4878
4881
4887
4888
4889
4892
4893
4895
4898
4899
4902
4904
4908
4911
4915
4916
4918
4919
4920
4921
4922
4924
4925
4928
4929
4930
4931
4933
4935
4936
4937
4938
4939
4940
4941
4943
4944
4947
4949
4950
4953
4954
4956
4957
4958
4959
4961
4962
4963
4965
4966
4967
4968
4974
4975
4976
4978
4980
4981
4982
4983
4985
4986
4987
4991
4992
4993
4994
4996
4997
4998
4999
5000
5001
5002
5004
5006
5007
5008
5009
5010
5011
5013
5014
5015
5016
5017
5018
5021
5022
5024
5027
5032
5034
5035
5036
5037
5038
5039
5041
5044
5046
5048
5049
5050
5052
5054
5055
5056
5057
5058
5059
5065
5068
5072
5075
5076
5078
5080
5081
5082
5084
5086
5089
5090
5091
5095
5097
5099
5102
5103
5108
5110
5111
5112
5113
5117
5119
5121
5124
5125
5128
5129
5130
5131
5132
5133
5135
5137
5140
5141
5142
5145
5147
5148
5152
5153
5154
5155
5156
5158
5159
5161
5162
5163
5165
5166
5167
5169
5170
5171
5172
5173
5175
5176
5177
5178
5179
5186
5188
5189
5191
5192
5193
5195
5196
5197
5198
5203
5204
5205
5213
5214
5215
5217
5218
5220
5221
5222
5224
5225
5227
5228
5230
5231
5233
5236
5237
5240
5242
5243
5244
5245
5247
5248
5249
5250
5251
5255
5256
5259
5263
5267
5269
5270
5271
5272
5273
5276
5280
5283
5284
5285
5286
5293
5294
5295
5296
5298
5300
5305
5307
5308
5310
5311
5312
5313
5314
5317
5319
5320
5321
5322
5323
5324
5325
5327
5328
5330
5333
5334
5337
5338
5339
5340
5342
5344
5345
5346
5347
5348
5351
5352
5354
5357
5358
5359
5360
5361
5363
5367
5368
5369
5372
5373
5374
5377
5378
5380
5381
5382
5383
5385
5389
5390
5394
5395
5396
5398
5400
5402
5403
5404
5405
5408
5410
5412
5413
5414
5416
5418
5420
5425
5426
5427
5430
5432
5433
5435
5438
5439
5441
5442
5443
5445
5446
5447
5452
5454
5455
5456
5458
5459
5460
5461
5462
5463
5464
5465
5466
5467
5471
5472
5476
5477
5481
5482
5483
5484
5485
5486
5487
5489
5490
5494
5495
5496
5498
5501
5502
5505
5507
5508
5511
5513
5516
5521
5522
5527
5529
5530
5532
5534
5535
5536
5537
5539
5543
5545
5546
5547
5548
5549
5550
5553
5554
5564
5567
5568
5569
5570
5571
5575
5576
5578
5579
5581
5582
5585
5586
5587
5588
5589
5591
5592
5593
5594
5595
5600
5601
5605
5606
5609
5612
5613
5614
5619
5622
5623
5624
5627
5631
5637
5639
5640
5641
5643
5644
5645
5646
5647
5649
5651
5654
5655
5658
5659
5662
5665
5666
5667
5668
5669
5671
5672
5673
5676
5677
5679
5681
5683
5684
5686
5687
5692
5693
5694
5695
5696
5699
5702
5703
5705
5706
5708
5709
5713
5714
5716
5719
5720
5722
5723
5725
5726
5727
5728
5729
5733
5737
5744
5745
5746
5747
5750
5751
5754
5755
5757
5763
5764
5771
5775
5776
5778
5780
5784
5785
5790
5791
5792
5793
5794
5797
5798
5799
5800
5801
5803
5804
5805
5806
5808
5809
5810
5811
5812
5815
5816
5820
5823
5824
5826
5828
5830
5831
5833
5834
5835
5838
5839
5840
5841
5842
5843
5844
5849
5851
5853
5855
5860
5861
5862
5864
5868
5869
5870
5871
5872
5873
5874
5875
5876
5878
5879
5886
5887
5889
5891
5895
5896
5897
5901
5905
5907
5909
5911
5912
5914
5915
5916
5917
5919
5921
5922
5925
5927
5928
5929
5931
5933
5934
5935
5936
5937
5938
5939
5942
5943
5945
5946
5947
5948
5954
5955
5958
5959
5960
5961
5962
5963
5965
5966
5967
5968
5970
5971
5974
5978
5980
5983
5985
5989
5992
5995
5996
6000
6001
6004
6006
6007
6008
6009
6010
6011
6012
6013
6014
6021
6023
6028
6029
6030
6031
6033
6036
6037
6040
6041
6042
6044
6045
6046
6048
6050
6051
6054
6055
6058
6059
6060
6061
6062
6063
6065
6069
6074
6075
6078
6079
6082
6084
6089
6090
6091
6092
6094
6096
6100
6101
6103
6104
6107
6109
6111
6113
6115
6122
6124
6125
6126
6128
6129
6134
6135
6138
6140
6145
6146
6147
6149
6150
6151
6153
6154
6157
6158
6159
6160
6161
6162
6164
6169
6171
6173
6174
6176
6177
6179
6180
6181
6182
6183
6184
6187
6188
6189
6190
6191
6194
6196
6197
6198
6203
6205
6207
6208
6209
6210
6211
6212
6214
6215
6217
6218
6220
6221
6224
6225
6226
6227
6228
6229
6230
6232
6234
6235
6236
6237
6239
6242
6244
6245
6247
6250
6251
6252
6254
6258
6259
6260
6262
6264
6265
6267
6268
6269
6270
6272
6274
6279
6280
6281
6283
6286
6288
6289
6290
6294
6295
6296
6297
6299
6301
6302
6303
6304
6305
6310
6312
6313
6315
6316
6317
6321
6323
6324
6326
6328
6329
6330
6331
6332
6335
6336
6342
6343
6344
6349
6352
6353
6355
6356
6357
6365
6369
6370
6373
6375
6379
6380
6382
6383
6387
6391
6392
6395
6396
6398
6400
6401
6403
6404
6405
6407
6408
6409
6411
6412
6415
6416
6417
6418
6422
6424
6425
6427
6429
6430
6432
6434
6436
6437
6438
6440
6441
6444
6445
6446
6447
6448
6451
6452
6459
6460
6461
6463
6464
6465
6468
6469
6471
6472
6473
6475
6477
6478
6481
6482
6483
6484
6485
6486
6489
6492
6493
6497
6499
6500
6501
6503
6504
6507
6509
6510
6511
6512
6514
6515
6516
6518
6519
6521
6522
6527
6529
6530
6531
6533
6534
6535
6536
6541
6542
6543
6544
6546
6547
6548
6549
6550
6551
6552
6553
6554
6555
6556
6557
6559
6560
6561
6562
6563
6564
6565
6568
6569
6572
6574
6575
6579
6580
6581
6582
6583
6585
6586
6587
6589
6590
6591
6593
6594
6595
6596
6598
6599
6600
6603
6604
6605
6606
6611
6614
6615
6616
6620
6621
6623
6626
6627
6628
6629
6630
6632
6633
6636
6642
6645
6648
6650
6651
6652
6655
6657
6659
6664
6665
6668
6671
6675
6676
6681
6683
6684
6685
6686
6689
6690
6692
6696
6698
6702
6704
6706
6707
6709
6710
6711
6712
6713
6714
6715
6720
6723
6728
6729
6730
6731
6733
6734
6740
6741
6743
6744
6746
6747
6749
6752
6753
6754
6755
6757
6758
6760
6766
6769
6771
6773
6774
6777
6780
6782
6784
6785
6786
6788
6791
6792
6793
6797
6798
6799
6803
6804
6808
6809
6813
6816
6820
6821
6824
6829
6830
6831
6832
6833
6836
6837
6839
6840
6841
6843
6844
6846
6848
6849
6850
6854
6855
6859
6861
6863
6864
6865
6867
6868
6872
6874
6877
6879
6880
6885
6888
6889
6891
6892
6893
6894
6897
6899
6900
6902
6904
6905
6906
6907
6909
6914
6915
6916
6918
6920
6921
6922
6923
6925
6929
6932
6933
6938
6939
6943
6945
6946
6947
6948
6949
6950
6953
6955
6956
6957
6958
6960
6962
6965
6968
6972
6974
6975
6976
6977
6978
6979
6980
6981
6982
6983
6984
6985
6986
6988
6989
6992
6993
6997
6999
7000
7003
7004
7005
7006
7007
7009
7015
7016
7020
7021
7022
7025
7026
7029
7030
7032
7034
7035
7037
7039
7042
7045
7047
7052
7053
7055
7057
7058
7059
7060
7061
7063
7065
7066
7071
7074
7078
7080
7081
7082
7086
7088
7093
7094
7095
7097
7098
7101
7104
7108
7110
7111
7113
7114
7115
7117
7119
7123
7125
7126
7127
7128
7132
7133
7135
7136
7137
7138
7141
7142
7143
7146
7147
7149
7152
7154
7155
7156
7159
7162
7163
7164
7168
7171
7172
7173
7175
7177
7178
7179
7183
7186
7187
7189
7190
7191
7192
7193
7194
7196
7199
7202
7203
7204
7207
7209
7210
7212
7214
7216
7217
7218
7220
7221
7225
7226
7227
7229
7232
7235
7236
7238
7239
7240
7243
7244
7245
7246
7247
7249
7250
7254
7255
7256
7258
7259
7262
7263
7264
7265
7266
7268
7269
7270
7271
7273
7277
7278
7280
7281
7282
7283
7284
7285
7286
7289
7291
7292
7297
7302
7303
7304
7305
7306
7307
7309
7312
7313
7315
7319
7322
7325
7326
7327
7329
7331
7334
7336
7337
7338
7340
7342
7344
7345
7346
7347
7350
7351
7353
7355
7356
7357
7359
7361
7363
7364
7365
7367
7369
7370
7371
7372
7373
7380
7385
7386
7390
7392
7393
7395
7397
7399
7405
7408
7409
7414
7415
7416
7419
7422
7427
7428
7431
7436
7437
7438
7440
7442
7443
7444
7449
7450
7451
7453
7455
7459
7460
7462
7464
7465
7470
7472
7473
7475
7476
7479
7480
7482
7484
7486
7487
7488
7489
7490
7495
7496
7497
7501
7502
7503
7507
7508
7510
7511
7513
7515
7516
7519
7521
7522
7523
7524
7525
7526
7531
7532
7535
7536
7541
7542
7544
7545
7546
7548
7551
7553
7556
7558
7559
7560
7561
7562
7566
7568
7570
7573
7574
7576
7577
7578
7579
7581
7582
7584
7585
7586
7588
7590
7591
7592
7593
7594
7596
7597
7598
7599
7601
7602
7604
7606
7610
7611
7613
7615
7616
7620
7621
7623
7624
7625
7626
7628
7629
7631
7634
7635
7636
7637
7638
7639
7640
7641
7642
7643
7644
7645
7646
7650
7651
7653
7654
7655
7656
7657
7659
7661
7662
7663
7664
7667
7669
7670
7671
7674
7676
7679
7680
7682
7683
7685
7686
7687
7689
7690
7692
7693
7694
7699
7700
7701
7702
7703
7709
7710
7711
7717
7718
7719
7720
7725
7726
7727
7729
7731
7732
7733
7734
7735
7737
7738
7740
7742
7743
7745
7746
7750
7751
7754
7756
7758
7760
7761
7767
7768
7772
7776
7777
7782
7783
7784
7786
7787
7788
7789
7793
7795
7798
7799
7801
7804
7806
7808
7810
7811
7812
7814
7815
7816
7817
7818
7820
7821
7822
7823
7825
7826
7827
7828
7830
7833
7834
7835
7838
7839
7840
7843
7845
7846
7847
7852
7856
7860
7865
7867
7869
7873
7875
7877
7879
7880
7882
7883
7886
7889
7890
7891
7893
7894
7895
7898
7905
7908
7909
7910
7911
7912
7914
7916
7917
7918
7924
7926
7927
7929
7931
7932
7933
7934
7936
7938
7940
7944
7946
7950
7951
7956
7958
7959
7962
7964
7965
7966
7968
7969
7970
7971
7974
7975
7976
7977
7978
7980
7986
7987
7988
7989
7993
7996
7999
8002
8003
8004
8006
8008
8009
8011
8012
8014
8015
8017
8019
8020
8022
8023
8024
8026
8028
8030
8033
8034
8035
8036
8038
8039
8043
8045
8046
8047
8048
8050
8052
8054
8055
8060
8061
8063
8066
8067
8068
8069
8071
8072
8073
8074
8076
8080
8081
8082
8083
8085
8086
8089
8090
8092
8095
8096
8097
8098
8099
8100
8103
8104
8105
8107
8108
8110
8111
8112
8113
8114
8116
8117
8118
8119
8120
8121
8122
8125
8128
8129
8130
8133
8134
8135
8136
8137
8138
8139
8140
8143
8144
8148
8149
8151
8152
8153
8155
8156
8157
8158
8159
8160
8162
8163
8168
8169
8170
8171
8172
8175
8177
8180
8181
8182
8183
8184
8185
8189
8191
8193
8197
8199
8202
8204
8205
8206
8209
8210
8214
8215
8216
8217
8220
8221
8223
8226
8227
8229
8230
8231
8235
8237
8241
8242
8243
8245
8246
8249
8251
8252
8253
8254
8256
8257
8259
8261
8262
8265
8266
8267
8269
8270
8271
8273
8274
8275
8277
8278
8279
8281
8282
8283
8286
8287
8291
8295
8297
8300
8301
8302
8306
8307
8310
8312
8317
8319
8320
8321
8322
8323
8327
8328
8329
8330
8331
8334
8337
8341
8343
8344
8345
8346
8347
8349
8350
8351
8353
8354
8356
8357
8358
8359
8360
8361
8363
8364
8367
8368
8371
8372
8373
8374
8376
8377
8379
8380
8381
8382
8383
8385
8386
8388
8389
8390
8391
8393
8394
8396
8398
8399
8400
8401
8405
8406
8407
8408
8409
8411
8413
8417
8419
8420
8421
8424
8425
8426
8428
8431
8434
8436
8437
8438
8439
8441
8442
8443
8444
8445
8448
8451
8452
8453
8455
8456
8458
8460
8464
8469
8470
8471
8475
8476
8478
8479
8481
8482
8483
8488
8490
8491
8492
8493
8494
8495
8496
8497
8501
8502
8503
8504
8505
8508
8509
8510
8511
8513
8515
8519
8520
8521
8522
8523
8524
8525
8526
8529
8530
8531
8532
8533
8534
8535
8540
8541
8542
8544
8546
8547
8549
8550
8552
8554
8555
8556
8557
8558
8559
8563
8564
8565
8567
8569
8570
8571
8573
8575
8576
8577
8578
8579
8580
8583
8585
8586
8587
8588
8589
8590
8591
8593
8594
8595
8596
8597
8598
8599
8600
8601
8602
8603
8608
8609
8613
8623
8624
8625
8626
8627
8628
8631
8636
8639
8640
8642
8644
8645
8647
8648
8652
8654
8655
8656
8659
8660
8661
8662
8664
8665
8673
8677
8678
8679
8680
8681
8684
8686
8687
8689
8690
8692
8697
8699
8700
8701
8703
8704
8705
8707
8709
8710
8711
8712
8713
8714
8715
8717
8718
8719
8720
8721
8722
8723
8725
8726
8727
8728
8732
8733
8734
8735
8737
8739
8740
8742
8745
8746
8748
8749
8751
8756
8757
8759
8760
8761
8763
8765
8766
8767
8769
8770
8776
8777
8778
8779
8780
8782
8783
8784
8786
8787
8788
8792
8794
8795
8798
8799
8802
8803
8804
8806
8807
8809
8810
8811
8813
8815
8816
8817
8818
8821
8824
8825
8827
8829
8833
8836
8837
8839
8843
8844
8847
8848
8850
8851
8852
8853
8854
8855
8857
8859
8860
8861
8863
8864
8865
8870
8871
8873
8876
8878
8880
8881
8883
8886
8887
8889
8890
8892
8893
8894
8896
8898
8899
8900
8901
8903
8905
8909
8911
8915
8916
8917
8920
8923
8928
8929
8930
8932
8933
8934
8936
8937
8938
8941
8942
8943
8944
8945
8947
8949
8950
8951
8952
8953
8955
8956
8957
8958
8959
8960
8961
8964
8967
8968
8973
8974
8975
8978
8983
8985
8986
8987
8988
8990
8992
8994
8995
8996
8997
8999
9000
9005
9006
9007
9010
9011
9012
9015
9017
9019
9021
9022
9027
9029
9030
9031
9032
9033
9034
9035
9037
9039
9040
9043
9044
9045
9048
9050
9051
9053
9055
9057
9058
9061
9063
9064
9066
9067
9069
9070
9072
9073
9074
9075
9077
9078
9079
9080
9081
9082
9085
9087
9089
9090
9093
9094
9096
9098
9101
9102
9103
9106
9108
9109
9110
9111
9112
9113
9114
9115
9118
9120
9121
9123
9125
9127
9128
9129
9133
9135
9136
9137
9139
9140
9141
9143
9144
9145
9146
9148
9151
9153
9154
9157
9158
9159
9162
9163
9165
9167
9168
9169
9171
9172
9174
9175
9176
9177
9178
9179
9180
9181
9182
9184
9185
9186
9187
9191
9193
9197
9199
9200
9201
9204
9205
9209
9212
9216
9217
9218
9219
9220
9225
9226
9229
9232
9234
9235
9238
9239
9240
9241
9242
9243
9245
9246
9247
9250
9253
9256
9257
9261
9262
9265
9268
9269
9270
9272
9273
9274
9277
9280
9282
9285
9286
9287
9289
9292
9293
9294
9295
9296
9298
9300
9302
9303
9305
9306
9314
9317
9318
9320
9323
9324
9327
9329
9330
9333
9335
9337
9338
9339
9340
9343
9344
9345
9346
9347
9349
9351
9353
9357
9358
9359
9361
9362
9363
9366
9368
9369
9370
9373
9374
9376
9377
9378
9379
9380
9381
9382
9385
9388
9389
9390
9391
9392
9393
9395
9398
9399
9403
9404
9406
9410
9411
9412
9415
9416
9418
9419
9420
9421
9424
9427
9428
9429
9431
9432
9435
9437
9438
9439
9441
9442
9444
9449
9450
9451
9454
9455
9456
9457
9458
9459
9460
9461
9462
9463
9466
9467
9470
9471
9472
9473
9474
9475
9476
9478
9480
9481
9482
9484
9488
9489
9490
9491
9493
9495
9496
9497
9498
9501
9502
9504
9505
9506
9509
9512
9513
9517
9520
9521
9522
9526
9527
9528
9529
9530
9531
9532
9534
9539
9542
9543
9544
9546
9548
9549
9551
9552
9555
9556
9558
9559
9560
9563
9564
9566
9567
9571
9572
9573
9576
9577
9580
9582
9583
9584
9585
9586
9588
9589
9590
9591
9592
9593
9595
9596
9597
9598
9601
9602
9604
9609
9610
9611
9612
9613
9614
9615
9618
9620
9625
9626
9627
9628
9629
9630
9631
9632
9633
9634
9636
9640
9643
9644
9646
9648
9649
9651
9652
9654
9656
9664
9665
9666
9671
9673
9674
9677
9680
9681
9683
9684
9687
9690
9691
9692
9693
9695
9697
9698
9699
9700
9703
9704
9705
9709
9711
9714
9715
9721
9723
9724
9725
9728
9729
9731
9732
9733
9734
9737
9738
9739
9744
9748
9750
9751
9754
9755
9756
9757
9760
9761
9763
9764
9765
9766
9768
9769
9772
9775
9776
9777
9780
9781
9783
9785
9788
9789
9790
9792
9794
9797
9799
9800
9801
9805
9808
9810
9812
9815
9817
9820
9822
9823
9824
9826
9827
9828
9832
9834
9836
9839
9840
9845
9846
9851
9852
9853
9855
9856
9858
9859
9860
9861
9863
9864
9865
9870
9871
9875
9876
9877
9878
9880
9881
9884
9886
9887
9888
9891
9892
9893
9894
9899
9900
9902
9903
9904
9906
9908
9909
9910
9911
9912
9913
9914
9915
9920
9923
9925
9926
9927
9928
9929
9930
9931
9934
9935
9936
9938
9943
9946
9951
9953
9954
9956
9957
9958
9959
9967
9968
9969
9970
9973
9974
9976
9980
9984
9986
9987
9990
9992
9994
9998
10000
10002
10005
10007
10009
10010
10011
10012
10014
10015
10016
10019
10020
10024
10030
10032
10033
10034
10036
10037
10039
10040
10041
10042
10043
10045
10047
10048
10051
10053
10055
10056
10057
10058
10060
10061
10062
10063
10064
10067
10068
10069
10070
10074
10075
10077
10078
10079
10080
10082
10084
10086
10087
10088
10091
10092
10093
10095
10096
10097
10098
10100
10101
10102
10103
10108
10110
10114
10116
10117
10118
10120
10122
10124
10126
10128
10130
10131
10133
10134
10137
10139
10141
10142
10146
10147
10149
10150
10151
10152
10153
10154
10155
10156
10157
10158
10160
10161
10163
10165
10168
10170
10172
10177
10178
10179
10180
10181
10182
10183
10185
10187
10191
10193
10197
10198
10200
10203
10204
10206
10211
10213
10216
10219
10221
10226
10229
10230
10233
10234
10235
10237
10239
10240
10241
10242
10243
10244
10246
10247
10248
10249
10251
10252
10253
10255
10257
10259
10260
10262
10264
10269
10271
10273
10276
10277
10280
10281
10283
10284
10287
10288
10290
10293
10296
10299
10303
10306
10308
10309
10310
10312
10314
10315
10316
10317
10318
10319
10320
10321
10322
10325
10326
10327
10328
10330
10334
10335
10337
10340
10341
10344
10346
10347
10348
10349
10352
10354
10355
10357
10358
10362
10363
10364
10365
10368
10370
10372
10373
10375
10376
10377
10378
10380
10382
10387
10388
10389
10392
10393
10394
10396
10398
10399
10400
10403
10404
10405
10406
10407
10409
10410
10413
10415
10418
10422
10423
10425
10426
10427
10428
10429
10431
10433
10434
10436
10438
10440
10442
10444
10446
10449
10450
10452
10453
10456
10458
10460
10461
10462
10463
10464
10465
10466
10467
10468
10470
10471
10474
10475
10476
10477
10478
10481
10482
10485
10488
10489
10490
10492
10495
10496
10497
10499
10500
10501
10502
10504
10507
10509
10511
10512
10513
10515
10522
10523
10526
10527
10528
10530
10532
10533
10536
10537
10538
10541
10542
10544
10552
10555
10558
10559
10562
10565
10566
10567
10568
10571
10572
10573
10575
10576
10578
10583
10584
10585
10587
10590
10591
10592
10593
10595
10596
10600
10601
10603
10604
10610
10612
10614
10616
10618
10620
10621
10622
10625
10627
10629
10630
10636
10638
10640
10641
10643
10646
10648
10649
10652
10654
10656
10657
10659
10661
10663
10666
10667
10669
10670
10671
10672
10673
10674
10676
10677
10678
10680
10688
10689
10690
10691
10692
10693
10695
10696
10700
10703
10704
10707
10709
10710
10711
10713
10714
10715
10716
10717
10718
10719
10721
10722
10723
10725
10726
10727
10728
10730
10732
10735
10737
10738
10739
10740
10745
10746
10747
10755
10756
10757
10758
10759
10761
10762
10763
10765
10767
10770
10772
10773
10774
10777
10779
10780
10781
10783
10784
10788
10790
10791
10792
10793
10794
10795
10797
10799
10800
10803
10804
10806
10807
10810
10811
10812
10814
10815
10816
10817
10819
10820
10822
10826
10830
10832
10833
10835
10836
10837
10838
10839
10842
10844
10845
10848
10849
10852
10856
10861
10863
10864
10866
10868
10869
10871
10872
10873
10875
10878
10879
10880
10882
10887
10889
10892
10893
10896
10899
10901
10902
10904
10905
10908
10909
10913
10917
10919
10922
10923
10925
10926
10927
10928
10929
10930
10931
10932
10934
10937
10939
10941
10942
10943
10944
10946
10947
10949
10950
10951
10952
10954
10956
10958
10959
10960
10961
10962
10963
10965
10968
10970
10971
10973
10975
10977
10978
10980
10984
10985
10987
10988
10989
10990
10993
10994
10996
10997
10998
10999
11001
11002
11003
11006
11007
11009
11011
11013
11014
11015
11016
11017
11020
11021
11022
11023
11025
11026
11027
11028
11030
11031
11033
11034
11035
11038
11040
11041
11042
11043
11044
11045
11046
11048
11052
11054
11061
11062
11063
11064
11065
11070
11073
11076
11077
11078
11087
11090
11091
11092
11095
11096
11097
11100
11101
11104
11105
11106
11107
11108
11110
11111
11112
11114
11117
11118
11120
11123
11124
11125
11126
11127
11129
11132
11133
11134
11136
11139
11140
11141
11142
11145
11147
11148
11149
11150
11153
11154
11155
11156
11157
11158
11159
11167
11169
11170
11171
11173
11174
11176
11177
11180
11182
11183
11184
11186
11190
11191
11193
11194
11197
11198
11199
11200
11201
11202
11205
11209
11210
11212
11213
11216
11219
11220
11221
11223
11224
11227
11230
11232
11234
11236
11239
11243
11245
11246
11250
11252
11253
11254
11256
11260
11262
11264
11265
11268
11269
11272
11273
11275
11278
11280
11281
11282
11285
11286
11288
11293
11295
11297
11298
11299
11300
11301
11303
11305
11309
11310
11314
11315
11317
11318
11319
11320
11321
11322
11323
11325
11326
11329
11330
11332
11333
11334
11335
11336
11337
11339
11342
11344
11346
11351
11352
11356
11357
11358
11359
11360
11368
11369
11371
11372
11375
11377
11378
11380
11381
11386
11387
11390
11391
11392
11394
11396
11397
11398
11401
11402
11404
11410
11412
11413
11414
11415
11426
11427
11428
11431
11433
11434
11435
11436
11439
11440
11448
11454
11455
11456
11457
11459
11460
11461
11462
11465
11466
11468
11471
11473
11474
11475
11477
11480
11483
11484
11486
11487
11489
11491
11493
11496
11497
11498
11501
11502
11503
11504
11506
11507
11510
11511
11513
11515
11518
11519
11523
11524
11527
11531
11532
11534
11537
11539
11540
11542
11547
11548
11549
11550
11551
11552
11555
11558
11563
11565
11567
11568
11570
11573
11575
11577
11580
11581
11582
11583
11584
11587
11588
11589
11590
11595
11596
11598
11600
11604
11605
11606
11607
11608
11611
11612
11618
11620
11625
11626
11627
11628
11630
11634
11639
11640
11641
11642
11643
11644
11648
11649
11650
11653
11655
11657
11659
11660
11661
11663
11664
11665
11666
11669
11671
11673
11675
11676
11679
11680
11682
11686
11687
11688
11689
11692
11693
11695
11696
11699
11700
11703
11705
11706
11707
11708
11709
11710
11711
11712
11713
11716
11717
11718
11719
11720
11722
11723
11724
11726
11727
11731
11733
11735
11738
11742
11743
11744
11745
11746
11747
11748
11749
11750
11751
11753
11754
11755
11759
11761
11762
11765
11770
11771
11772
11774
11775
11776
11779
11781
11782
11783
11784
11785
11791
11792
11794
11795
11796
11797
11798
11800
11801
11802
11803
11804
11805
11807
11808
11813
11814
11815
11817
11819
11823
11824
11826
11830
11832
11833
11835
11836
11837
11838
11839
11840
11844
11845
11855
11858
11861
11862
11863
11866
11867
11868
11869
11870
11872
11873
11874
11875
11876
11879
11880
11882
11883
11884
11885
11886
11887
11888
11889
11890
11892
11893
11894
11896
11898
11899
11900
11901
11905
11906
11907
11908
11909
11911
11913
11914
11920
11921
11922
11923
11924
11925
11926
11928
11930
11932
11933
11935
11937
11938
11939
11944
11945
11949
11955
11956
11957
11958
11960
11962
11964
11966
11967
11969
11970
11971
11972
11973
11976
11979
11981
11982
11983
11984
11985
11986
11987
11989
11990
11993
11994
11996
11997
11998
11999
12001
12002
12003
12004
12005
12006
12008
12011
12012
12014
12015
12017
12019
12020
12023
12028
12031
12035
12037
12038
12043
12044
12047
12048
12051
12056
12057
12058
12060
12061
12062
12065
12066
12067
12068
12069
12071
12074
12075
12076
12078
12080
12081
12082
12083
12085
12089
12091
12092
12094
12096
12097
12099
12100
12102
12103
12105
12107
12108
12110
12111
12114
12116
12117
12119
12120
12122
12123
12125
12127
12130
12132
12133
12134
12135
12136
12142
12143
12145
12150
12152
12154
12155
12157
12160
12161
12162
12164
12165
12166
12168
12170
12171
12173
12175
12180
12181
12185
12188
12189
12190
12191
12194
12195
12196
12197
12202
12203
12204
12205
12206
12209
12212
12213
12214
12215
12216
12217
12219
12220
12222
12225
12226
12227
12228
12229
12230
12233
12234
12235
12236
12237
12240
12242
12243
12244
12245
12246
12248
12249
12251
12253
12258
12259
12260
12261
12263
12264
12265
12266
12267
12268
12269
12270
12276
12277
12278
12280
12281
12282
12283
12285
12288
12289
12292
12294
12296
12297
12298
12299
12303
12308
12311
12312
12313
12314
12317
12318
12322
12325
12326
12327
12328
12330
12331
12332
12333
12334
12335
12336
12338
12339
12342
12344
12345
12346
12348
12350
12352
12353
12354
12359
12361
12362
12365
12367
12370
12373
12375
12376
12377
12379
12383
12387
12389
12393
12395
12396
12397
12399
12403
12404
12405
12407
12408
12409
12410
12411
12414
12415
12417
12420
12421
12422
12425
12426
12428
12430
12434
12435
12436
12438
12439
12440
12441
12444
12446
12449
12450
12453
12455
12456
12457
12461
12462
12463
12465
12466
12468
12472
12474
12477
12478
12480
12481
12482
12483
12485
12486
12491
12493
12494
12498
12499
12500
12502
12503
12505
12508
12511
12512
12513
12514
12516
12518
12522
12525
12526
12530
12533
12534
12536
12537
12539
12542
12543
12544
12545
12546
12549
12550
12551
12552
12553
12554
12558
12559
12561
12563
12564
12565
12566
12568
12569
12570
12571
12573
12575
12576
12577
12578
12580
12581
12582
12585
12588
12593
12594
12595
12596
12597
12598
12600
12602
12603
12604
12606
12608
12610
12611
12612
12613
12614
12615
12617
12618
12623
12627
12632
12636
12638
12639
12640
12643
12645
12646
12647
12649
12651
12653
12661
12662
12664
12667
12668
12669
12670
12672
12673
12674
12675
12676
12677
12678
12679
12680
12682
12683
12684
12685
12686
12688
12690
12691
12694
12696
12697
12700
12701
12702
12703
12704
12705
12706
12710
12711
12713
12716
12717
12718
12720
12721
12725
12728
12729
12730
12731
12733
12734
12736
12737
12739
12740
12743
12745
12746
12747
12754
12760
12763
12765
12766
12767
12768
12769
12770
12771
12772
12773
12774
12776
12778
12780
12781
12782
12783
12785
12787
12790
12794
12796
12800
12801
12802
12803
12804
12808
12810
12811
12814
12815
12816
12819
12820
12823
12825
12827
12829
12833
12834
12836
12839
12840
12841
12842
12843
12845
12846
12847
12848
12849
12851
12852
12854
12855
12857
12858
12860
12862
12866
12867
12869
12870
12871
12873
12874
12875
12876
12877
12879
12882
12884
12885
12887
12889
12891
12893
12894
12895
12897
12899
12903
12905
12907
12908
12909
12910
12911
12912
12913
12915
12916
12917
12919
12920
12921
12923
12925
12927
12929
12930
12931
12932
12933
12937
12939
12940
12942
12943
12946
12948
12950
12951
12953
12955
12956
12957
12959
12960
12961
12962
12963
12966
12968
12969
12972
12974
12978
12979
12983
12985
12986
12987
12988
12989
12990
12991
12992
12993
12996
12997
12998
12999
13000
13001
13002
13004
13005
13007
13008
13010
13015
13017
13018
13019
13020
13021
13025
13026
13027
13029
13030
13031
13032
13035
13039
13042
13043
13044
13045
13047
13049
13051
13056
13057
13059
13061
13062
13063
13066
13067
13068
13073
13074
13077
13083
13086
13087
13089
13091
13092
13094
13095
13098
13102
13105
13106
13107
13108
13109
13112
13113
13116
13120
13121
13123
13124
13125
13126
13128
13130
13131
13132
13135
13138
13139
13141
13142
13143
13144
13145
13148
13152
13155
13157
13158
13159
13165
13166
13167
13168
13172
13173
13175
13177
13179
13180
13181
13182
13184
13187
13188
13189
13192
13193
13195
13197
13203
13205
13206
13207
13209
13211
13212
13213
13214
13216
13217
13219
13221
13228
13229
13230
13232
13234
13243
13245
13246
13247
13248
13249
13253
13254
13257
13258
13260
13261
13262
13263
13265
13267
13268
13269
13270
13271
13273
13274
13275
13277
13279
13281
13283
13284
13286
13287
13288
13290
13291
13292
13293
13296
13297
13303
13304
13305
13306
13307
13308
13310
13315
13316
13319
13320
13322
13324
13325
13326
13327
13330
13332
13333
13334
13335
13337
13338
13342
13343
13344
13345
13346
13347
13351
13352
13353
13356
13357
13358
13359
13361
13362
13363
13364
13365
13366
13367
13369
13370
13372
13373
13374
13375
13376
13378
13379
13380
13383
13384
13385
13386
13389
13390
13391
13392
13395
13396
13398
13400
13401
13402
13403
13405
13408
13410
13411
13412
13414
13417
13418
13419
13420
13421
13422
13423
13425
13426
13427
13428
13430
13431
13432
13434
13437
13438
13440
13444
13448
13449
13450
13452
13453
13456
13457
13458
13459
13461
13462
13463
13464
13465
13467
13470
13473
13474
13476
13479
13480
13483
13486
13489
13496
13498
13499
13500
13503
13504
13505
13507
13509
13510
13511
13513
13516
13517
13518
13519
13520
13523
13524
13526
13529
13530
13532
13536
13546
13547
13554
13557
13559
13560
13563
13564
13565
13567
13568
13569
13570
13571
13572
13573
13575
13576
13578
13580
13581
13582
13584
13587
13588
13589
13592
13597
13599
13601
13602
13604
13605
13607
13608
13609
13611
13613
13614
13616
13617
13618
13620
13621
13622
13624
13625
13627
13629
13630
13633
13634
13637
13639
13640
13644
13645
13647
13648
13651
13653
13654
13656
13657
13658
13663
13664
13665
13667
13671
13674
13675
13678
13680
13681
13682
13684
13686
13687
13688
13691
13692
13693
13695
13696
13698
13699
13701
13703
13704
13705
13707
13708
13709
13710
13711
13712
13714
13718
13719
13720
13721
13722
13723
13724
13726
13727
13728
13729
13731
13734
13738
13740
13741
13742
13743
13744
13746
13751
13752
13753
13754
13757
13758
13761
13767
13770
13771
13772
13775
13776
13777
13779
13786
13789
13790
13796
13797
13799
13800
13801
13804
13805
13806
13808
13809
13810
13812
13813
13814
13815
13819
13820
13821
13822
13823
13824
13826
13828
13830
13834
13835
13836
13837
13839
13840
13842
13851
13854
13856
13857
13858
13859
13861
13862
13863
13864
13866
13867
13868
13873
13874
13876
13879
13880
13883
13887
13888
13892
13893
13894
13895
13896
13898
13899
13901
13903
13906
13907
13908
13909
13910
13911
13915
13916
13918
13919
13924
13925
13927
13928
13929
13930
13932
13933
13934
13935
13936
13937
13938
13939
13940
13944
13945
13946
13947
13948
13952
13953
13954
13955
13956
13957
13958
13960
13963
13965
13966
13968
13969
13974
13975
13979
13981
13982
13983
13984
13985
13989
13990
13992
13994
13998
13999
14004
14006
14010
14011
14015
14016
14019
14020
14021
14023
14025
14026
14027
14030
14031
14032
14033
14034
14035
14036
14039
14040
14041
14042
14043
14046
14049
14052
14053
14054
14055
14059
14062
14063
14069
14070
14071
14072
14073
14074
14075
14076
14078
14079
14080
14081
14082
14084
14085
14086
14087
14091
14095
14096
14101
14102
14103
14104
14106
14107
14108
14109
14110
14115
14116
14118
14119
14123
14124
14125
14126
14128
14129
14130
14131
14132
14134
14135
14136
14141
14142
14143
14144
14146
14147
14148
14149
14151
14153
14157
14158
14159
14160
14161
14162
14165
14167
14169
14173
14175
14177
14179
14180
14182
14183
14187
14189
14192
14193
14196
14197
14198
14199
14200
14201
14203
14204
14205
14206
14210
14212
14213
14217
14219
14220
14221
14222
14227
14228
14229
14231
14232
14233
14234
14236
14237
14238
14241
14247
14248
14249
14252
14255
14260
14261
14264
14265
14267
14268
14270
14271
14272
14273
14274
14275
14280
14281
14283
14284
14285
14287
14292
14296
14297
14299
14302
14303
14304
14306
14308
14309
14311
14313
14314
14316
14318
14319
14325
14327
14330
14333
14334
14336
14337
14340
14341
14343
14344
14345
14347
14350
14352
14354
14356
14357
14358
14360
14361
14362
14363
14365
14373
14377
14379
14382
14383
14387
14388
14389
14390
14391
14394
14396
14397
14400
14401
14403
14404
14405
14406
14407
14408
14412
14417
14418
14421
14424
14428
14429
14431
14432
14435
14436
14438
14439
14440
14444
14445
14446
14451
14452
14453
14454
14455
14456
14457
14458
14459
14462
14463
14464
14465
14467
14468
14469
14473
14474
14480
14481
14483
14485
14486
14489
14491
14492
14493
14494
14498
14499
14500
14501
14502
14504
14506
14507
14509
14514
14519
14520
14522
14523
14524
14526
14527
14531
14532
14535
14536
14537
14538
14539
14541
14544
14545
14547
14549
14550
14551
14552
14554
14557
14558
14561
14563
14564
14565
14569
14570
14571
14573
14576
14578
14581
14583
14585
14586
14587
14589
14595
14596
14597
14601
14603
14606
14611
14613
14616
14617
14619
14621
14622
14624
14626
14627
14631
14633
14635
14637
14638
14639
14640
14641
14642
14643
14650
14653
14655
14659
14660
14662
14663
14664
14665
14667
14668
14671
14673
14675
14676
14678
14680
14683
14684
14690
14692
14694
14695
14698
14702
14704
14705
14707
14715
14717
14718
14719
14721
14722
14725
14732
14733
14736
14741
14743
14746
14747
14748
14749
14750
14751
14752
14753
14754
14756
14757
14760
14761
14762
14765
14768
14770
14774
14776
14780
14783
14784
14785
14787
14788
14789
14793
14794
14795
14796
14802
14804
14807
14808
14810
14811
14813
14818
14819
14821
14822
14823
14825
14826
14829
14830
14831
14833
14834
14835
14836
14838
14840
14842
14843
14844
14846
14848
14852
14853
14854
14855
14856
14857
14858
14860
14862
14868
14870
14871
14872
14873
14882
14883
14888
14889
14891
14895
14896
14899
14901
14904
14905
14906
14908
14910
14912
14915
14918
14920
14921
14922
14924
14925
14926
14928
14929
14930
14932
14933
14935
14937
14940
14942
14943
14944
14945
14946
14948
14949
14950
14951
14952
14954
14956
14957
14962
14966
14968
14969
14970
14971
14972
14974
14975
14977
14978
14980
14981
14982
14983
14985
14987
14988
14989
14992
14993
14998
15001
15002
15004
15007
15008
15009
15011
15014
15016
15020
15021
15022
15023
15024
15025
15027
15031
15038
15039
15045
15046
15047
15050
15052
15054
15056
15058
15059
15060
15061
15062
15064
15065
15068
15070
15071
15072
15074
15075
15076
15077
15080
15081
15082
15084
15085
15086
15092
15095
15096
15099
15101
15103
15104
15105
15106
15107
15108
15111
15112
15113
15114
15121
15122
15124
15125
15126
15127
15128
15129
15130
15136
15140
15142
15144
15149
15150
15153
15154
15155
15157
15158
15159
15160
15161
15163
15164
15165
15168
15172
15173
15175
15178
15179
15181
15182
15184
15185
15187
15188
15191
15192
15193
15194
15197
15199
15203
15204
15206
15207
15213
15214
15217
15219
15220
15222
15223
15224
15225
15226
15227
15228
15230
15231
15232
15233
15235
15237
15239
15244
15249
15250
15251
15255
15257
15258
15260
15261
15262
15264
15268
15272
15273
15276
15278
15281
15285
15290
15291
15292
15293
15294
15295
15296
15299
15301
15302
15305
15306
15307
15310
15311
15313
15314
15315
15318
15319
15320
15321
15323
15326
15329
15330
15331
15336
15338
15339
15341
15342
15343
15344
15345
15346
15347
15351
15354
15357
15358
15359
15360
15361
15362
15363
15364
15365
15366
15367
15377
15380
15381
15383
15385
15388
15391
15392
15393
15395
15397
15399
15400
15401
15402
15403
15405
15406
15407
15408
15412
15414
15415
15416
15417
15419
15420
15425
15427
15428
15429
15430
15433
15434
15436
15437
15438
15440
15441
15442
15443
15444
15448
15452
15453
15454
15456
15457
15458
15460
15463
15464
15469
15471
15472
15473
15474
15475
15476
15477
15479
15480
15482
15483
15485
15486
15488
15489
15490
15491
15493
15498
15502
15503
15504
15506
15507
15509
15511
15512
15515
15517
15518
15519
15520
15521
15524
15525
15526
15529
15530
15533
15542
15543
15544
15545
15547
15549
15551
15554
15557
15558
15560
15561
15563
15565
15567
15569
15570
15572
15581
15582
15583
15585
15586
15587
15590
15591
15594
15595
15596
15597
15598
15599
15600
15603
15604
15605
15606
15607
15609
15610
15612
15613
15615
15617
15618
15619
15621
15622
15623
15624
15626
15628
15630
15635
15637
15638
15639
15641
15644
15645
15650
15651
15655
15658
15659
15661
15662
15663
15664
15668
15669
15671
15672
15673
15674
15675
15676
15680
15682
15686
15689
15690
15692
15694
15697
15698
15699
15701
15702
15704
15705
15707
15708
15710
15711
15712
15713
15714
15715
15717
15718
15719
15722
15723
15724
15725
15728
15732
15733
15735
15736
15739
15740
15741
15743
15746
15747
15749
15750
15751
15752
15754
15755
15756
15759
15769
15770
15771
15773
15775
15776
15777
15780
15783
15785
15790
15791
15792
15793
15794
15795
15799
15801
15802
15803
15804
15808
15810
15811
15812
15813
15814
15815
15817
15818
15819
15822
15824
15825
15826
15827
15831
15832
15833
15834
15837
15840
15842
15843
15844
15846
15847
15850
15851
15852
15853
15854
15857
15860
15861
15864
15865
15866
15868
15869
15870
15874
15875
15876
15877
15878
15879
15884
15885
15887
15888
15891
15892
15896
15897
15898
15901
15903
15905
15907
15912
15914
15915
15918
15920
15921
15922
15925
15926
15928
15930
15931
15932
15935
15937
15938
15943
15944
15947
15948
15949
15950
15953
15955
15957
15958
15959
15960
15961
15962
15964
15970
15974
15975
15979
15981
15982
15983
15987
15989
15992
15994
15997
15998
15999
16001
16009
16010
16012
16013
16014
16015
16016
16020
16021
16022
16023
16024
16029
16030
16033
16034
16035
16037
16038
16041
16042
16043
16044
16046
16047
16048
16050
16051
16052
16053
16056
16058
16060
16061
16063
16065
16066
16067
16068
16069
16073
16077
16078
16080
16081
16083
16084
16085
16086
16093
16094
16097
16101
16102
16103
16104
16105
16107
16108
16110
16111
16116
16117
16119
16120
16122
16124
16130
16131
16132
16133
16135
16138
16139
16140
16141
16143
16144
16145
16147
16150
16155
16157
16167
16169
16174
16176
16177
16179
16180
16181
16182
16183
16184
16185
16186
16187
16188
16190
16191
16194
16195
16197
16199
16200
16201
16202
16205
16208
16209
16210
16211
16214
16215
16217
16218
16219
16221
16225
16227
16230
16231
16233
16235
16237
16240
16243
16244
16245
16248
16249
16250
16253
16255
16257
16258
16260
16261
16262
16263
16272
16273
16275
16276
16277
16278
16280
16283
16285
16286
16287
16288
16289
16292
16295
16297
16299
16301
16304
16306
16307
16309
16311
16312
16314
16317
16319
16321
16322
16323
16324
16327
16329
16331
16332
16333
16335
16336
16337
16339
16341
16344
16347
16348
16349
16350
16351
16352
16353
16355
16358
16359
16364
16365
16366
16367
16369
16371
16372
16373
16374
16375
16376
16377
16378
16380
16382
16386
16387
16389
16391
16394
16396
16397
16398
16400
16402
16406
16408
16409
16410
16412
16413
16416
16424
16425
16427
16429
16430
16432
16433
16434
16437
16438
16439
16441
16442
16443
16445
16446
16451
16453
16455
16458
16461
16462
16465
16468
16469
16471
16473
16475
16476
16477
16479
16480
16481
16482
16483
16484
16486
16487
16488
16489
16492
16498
16501
16503
16504
16505
16511
16512
16513
16514
16520
16521
16522
16523
16526
16528
16531
16532
16533
16535
16536
16537
16541
16542
16544
16545
16548
16550
16555
16556
16557
16558
16559
16560
16561
16563
16567
16568
16569
16570
16572
16573
16574
16575
16577
16582
16585
16586
16589
16592
16595
16596
16597
16598
16599
16600
16604
16605
16607
16608
16609
16615
16616
16619
16620
16621
16624
16625
16629
16630
16631
16632
16634
16635
16636
16637
16638
16647
16650
16651
16652
16653
16657
16658
16660
16664
16667
16668
16669
16670
16671
16673
16674
16677
16678
16679
16681
16683
16684
16690
16692
16693
16694
16695
16697
16698
16700
16702
16703
16705
16706
16708
16709
16711
16715
16716
16717
16718
16719
16721
16722
16723
16724
16725
16726
16727
16728
16729
16730
16733
16734
16736
16737
16738
16741
16742
16743
16744
16745
16746
16748
16749
16752
16754
16755
16756
16757
16758
16761
16762
16767
16769
16770
16772
16774
16775
16776
16778
16780
16785
16786
16787
16789
16790
16793
16796
16797
16798
16800
16803
16804
16805
16807
16809
16811
16812
16814
16816
16817
16819
16821
16822
16823
16828
16829
16830
16831
16833
16836
16838
16839
16840
16842
16845
16846
16847
16850
16851
16852
16856
16858
16859
16860
16861
16863
16864
16865
16868
16870
16871
16874
16875
16876
16879
16881
16884
16886
16887
16891
16893
16896
16900
16901
16903
16904
16905
16906
16907
16916
16917
16918
16922
16923
16924
16926
16927
16928
16929
16930
16931
16933
16937
16940
16941
16942
16944
16947
16948
16949
16950
16951
16953
16955
16958
16959
16962
16963
16964
16965
16966
16969
16972
16973
16974
16975
16976
16977
16978
16979
16981
16982
16988
16989
16990
16991
16993
16994
16998
17000
17001
17003
17004
17006
17007
17011
17012
17015
17016
17021
17023
17024
17025
17026
17029
17030
17032
17033
17034
17038
17039
17040
17042
17043
17045
17047
17048
17050
17051
17055
17056
17057
17059
17060
17061
17062
17064
17065
17068
17069
17074
17078
17079
17082
17083
17084
17085
17087
17088
17090
17091
17092
17093
17094
17096
17097
17098
17099
17100
17101
17102
17105
17106
17107
17108
17109
17110
17113
17114
17116
17118
17122
17125
17126
17127
17133
17134
17135
17136
17137
17138
17139
17140
17141
17142
17144
17145
17146
17147
17148
17152
17153
17155
17158
17160
17161
17163
17164
17165
17168
17169
17172
17175
17176
17180
17181
17182
17183
17184
17185
17192
17193
17195
17196
17198
17199
17200
17205
17206
17209
17210
17213
17216
17218
17220
17222
17225
17226
17227
17228
17229
17231
17233
17234
17235
17238
17240
17243
17244
17245
17246
17247
17250
17251
17253
17255
17256
17257
17260
17263
17264
17265
17266
17268
17269
17270
17271
17272
17273
17274
17275
17277
17278
17280
17282
17283
17284
17285
17286
17287
17289
17292
17293
17295
17296
17297
17298
17302
17303
17305
17307
17310
17311
17312
17313
17314
17315
17316
17318
17319
17323
17326
17328
17330
17333
17334
17336
17337
17338
17339
17340
17344
17345
17347
17348
17349
17351
17353
17354
17355
17357
17358
17359
17360
17361
17362
17364
17365
17366
17367
17370
17371
17373
17374
17377
17378
17379
17380
17382
17384
17386
17387
17388
17389
17390
17395
17397
17398
17400
17401
17407
17408
17409
17412
17413
17415
17417
17419
17423
17426
17427
17430
17434
17436
17437
17441
17442
17444
17446
17449
17452
17454
17456
17465
17470
17471
17472
17474
17475
17478
17479
17481
17482
17484
17486
17487
17488
17489
17490
17492
17493
17495
17499
17500
17501
17513
17514
17515
17517
17520
17525
17526
17527
17532
17535
17538
17539
17540
17542
17544
17547
17549
17550
17554
17555
17559
17560
17561
17562
17563
17565
17566
17568
17569
17571
17572
17573
17574
17576
17577
17580
17584
17587
17588
17589
17593
17594
17596
17598
17599
17600
17601
17602
17603
17604
17614
17616
17618
17620
17624
17627
17629
17630
17631
17634
17637
17638
17639
17640
17643
17646
17648
17649
17651
17653
17656
17657
17659
17661
17662
17664
17666
17667
17670
17673
17674
17676
17683
17684
17688
17689
17691
17692
17693
17696
17697
17698
17701
17706
17707
17709
17710
17711
17717
17719
17721
17725
17729
17730
17731
17733
17734
17737
17740
17741
17742
17743
17744
17746
17747
17748
17750
17754
17756
17758
17762
17764
17765
17766
17768
17770
17773
17775
17776
17779
17780
17781
17783
17786
17787
17788
17789
17790
17791
17792
17793
17794
17796
17797
17798
17799
17800
17801
17803
17804
17805
17808
17809
17810
17811
17812
17813
17815
17816
17820
17821
17824
17825
17827
17830
17832
17833
17840
17841
17844
17846
17847
17850
17851
17854
17855
17856
17857
17858
17861
17864
17865
17866
17868
17869
17871
17872
17874
17875
17877
17878
17879
17882
17883
17884
17885
17886
17887
17888
17889
17890
17892
17893
17894
17895
17898
17900
17902
17903
17907
17908
17909
17910
17914
17917
17918
17919
17921
17923
17924
17927
17928
17929
17930
17936
17937
17939
17940
17942
17943
17944
17949
17950
17951
17953
17954
17955
17956
17957
17959
17962
17966
17968
17970
17971
17973
17974
17976
17977
17978
17979
17980
17981
17982
17983
17984
17986
17987
17988
17990
17991
17993
17994
17995
17996
18000
18002
18005
18006
18007
18009
18011
18016
18018
18019
18020
18021
18022
18023
18028
18029
18031
18034
18035
18036
18037
18039
18043
18044
18048
18049
18050
18051
18052
18053
18055
18056
18057
18062
18063
18065
18070
18071
18076
18078
18080
18081
18082
18084
18086
18087
18089
18090
18091
18092
18095
18096
18097
18100
18102
18104
18105
18109
18110
18117
18118
18119
18121
18122
18123
18125
18126
18127
18128
18130
18131
18132
18135
18136
18137
18140
18141
18142
18144
18145
18147
18148
18150
18151
18153
18154
18155
18159
18160
18161
18162
18165
18166
18167
18169
18170
18171
18173
18175
18176
18177
18180
18184
18186
18190
18192
18193
18196
18197
18199
18200
18201
18204
18206
18210
18211
18212
18214
18218
18219
18224
18225
18227
18228
18230
18231
18233
18235
18236
18237
18238
18240
18241
18243
18244
18245
18246
18248
18250
18252
18255
18257
18259
18260
18261
18262
18263
18264
18265
18266
18267
18268
18269
18270
18271
18272
18274
18275
18276
18277
18278
18279
18281
18282
18283
18284
18285
18288
18289
18291
18292
18294
18295
18300
18302
18305
18306
18307
18308
18310
18312
18315
18317
18318
18319
18320
18321
18323
18325
18326
18327
18328
18330
18332
18333
18335
18342
18344
18345
18348
18351
18354
18355
18357
18359
18360
18362
18363
18365
18366
18367
18370
18371
18376
18382
18383
18384
18387
18389
18391
18392
18393
18396
18397
18398
18399
18401
18402
18404
18405
18406
18407
18410
18411
18418
18420
18423
18425
18427
18429
18433
18436
18438
18439
18443
18446
18452
18454
18456
18460
18462
18464
18465
18466
18467
18468
18469
18470
18474
18476
18483
18487
18494
18495
18497
18499
18500
18504
18505
18507
18508
18510
18512
18513
18515
18517
18518
18519
18520
18521
18522
18523
18525
18526
18527
18529
18533
18534
18536
18538
18539
18540
18541
18543
18545
18550
18552
18554
18560
18561
18563
18566
18567
18569
18570
18572
18573
18574
18576
18582
18583
18584
18588
18589
18592
18594
18597
18599
18600
18602
18604
18605
18606
18608
18609
18611
18612
18613
18614
18615
18617
18619
18622
18623
18625
18629
18635
18637
18640
18641
18642
18646
18648
18649
18650
18651
18652
18655
18656
18658
18659
18660
18661
18662
18663
18667
18669
18670
18676
18677
18679
18680
18683
18684
18686
18688
18689
18691
18692
18693
18694
18695
18698
18700
18701
18702
18704
18706
18707
18712
18713
18714
18716
18723
18725
18726
18727
18728
18729
18731
18735
18736
18737
18741
18742
18747
18751
18752
18755
18756
18757
18760
18761
18762
18765
18766
18767
18768
18771
18773
18774
18775
18776
18777
18780
18781
18782
18783
18785
18789
18791
18793
18794
18796
18797
18799
18801
18802
18804
18805
18806
18808
18811
18812
18815
18816
18819
18820
18823
18824
18825
18826
18828
18829
18830
18836
18837
18838
18839
18842
18843
18844
18846
18848
18849
18850
18851
18852
18853
18854
18856
18859
18860
18862
18863
18864
18868
18869
18873
18874
18875
18876
18877
18880
18886
18888
18893
18897
18899
18900
18901
18903
18905
18908
18911
18913
18918
18919
18921
18926
18928
18929
18931
18933
18934
18935
18937
18938
18943
18946
18948
18949
18950
18954
18955
18957
18958
18960
18966
18967
18968
18969
18971
18975
18979
18980
18981
18982
18983
18984
18986
18987
18988
18990
18991
18993
18994
18996
18997
19000
19001
19002
19006
19007
19008
19010
19014
19015
19018
19019
19024
19027
19029
19031
19032
19035
19036
19041
19044
19045
19046
19047
19049
19051
19052
19053
19056
19057
19060
19062
19064
19065
19067
19069
19070
19071
19073
19074
19075
19076
19079
19081
19088
19089
19094
19098
19102
19103
19106
19108
19111
19112
19115
19117
19119
19120
19121
19122
19123
19130
19132
19133
19134
19135
19136
19137
19139
19140
19142
19144
19145
19146
19147
19148
19151
19156
19158
19159
19163
19164
19167
19168
19170
19172
19174
19176
19177
19178
19179
19180
19183
19184
19185
19187
19188
19190
19192
19193
19194
19195
19196
19198
19199
19200
19201
19202
19205
19206
19207
19208
19209
19210
19211
19212
19216
19219
19221
19222
19223
19224
19226
19229
19230
19232
19233
19234
19235
19238
19241
19242
19246
19248
19249
19250
19252
19255
19256
19258
19260
19261
19263
19266
19267
19268
19275
19278
19279
19280
19281
19282
19283
19284
19285
19286
19287
19288
19289
19292
19293
19295
19296
19298
19299
19302
19303
19304
19307
19308
19309
19311
19312
19317
19318
19323
19324
19325
19326
19327
19329
19330
19331
19333
19334
19335
19337
19338
19340
19341
19344
19346
19349
19351
19352
19356
19357
19358
19363
19365
19368
19369
19371
19375
19376
19379
19381
19384
19388
19391
19395
19396
19398
19399
19401
19402
19412
19414
19415
19416
19417
19418
19419
19420
19421
19424
19425
19426
19428
19429
19430
19434
19435
19436
19439
19440
19442
19443
19444
19447
19448
19451
19452
19454
19456
19457
19459
19460
19461
19464
19465
19466
19470
19471
19472
19473
19474
19475
19477
19478
19482
19483
19486
19490
19493
19495
19496
19497
19498
19499
19501
19503
19504
19507
19511
19512
19513
19515
19516
19517
19519
19520
19521
19522
19523
19529
19532
19534
19535
19536
19537
19538
19542
19543
19544
19545
19546
19547
19551
19552
19556
19558
19559
19565
19566
19568
19572
19574
19575
19577
19578
19579
19580
19582
19583
19584
19586
19592
19596
19598
19599
19600
19603
19606
19608
19609
19610
19612
19614
19615
19616
19617
19619
19620
19621
19622
19627
19628
19630
19634
19635
19636
19638
19639
19641
19642
19643
19646
19650
19655
19656
19657
19658
19659
19661
19664
19671
19672
19674
19676
19677
19678
19679
19680
19681
19682
19685
19686
19687
19688
19689
19690
19691
19692
19693
19694
19695
19698
19699
19701
19708
19709
19710
19711
19712
19715
19717
19718
19721
19723
19724
19727
19729
19731
19733
19734
19735
19740
19744
19749
19751
19756
19758
19762
19765
19767
19768
19773
19774
19776
19778
19780
19781
19788
19790
19791
19792
19793
19795
19796
19797
19798
19799
19800
19802
19803
19804
19805
19810
19814
19816
19819
19820
19821
19822
19823
19824
19825
19829
19832
19833
19835
19837
19838
19842
19843
19844
19847
19848
19849
19850
19851
19852
19853
19854
19855
19856
19857
19858
19859
19863
19865
19866
19867
19872
19874
19875
19876
19877
19879
19880
19881
19884
19890
19893
19895
19896
19897
19899
19901
19902
19903
19904
19905
19906
19908
19909
19911
19912
19913
19916
19917
19918
19919
19920
19921
19923
19927
19928
19929
19930
19932
19934
19935
19936
19938
19940
19941
19942
19943
19944
19945
19946
19948
19949
19950
19953
19954
19955
19956
19961
19962
19963
19965
19966
19968
19969
19970
19971
19974
19975
19976
19977
19979
19980
19981
19984
19985
19986
19987
19988
19992
19996
19998
20000
20002
20003
20004
20005
20007
20008
20010
20014
20016
20017
20019
20020
20021
20023
20025
20026
20027
20028
20029
20032
20033
20034
20035
20036
20037
20038
20039
20041
20043
20046
20047
20049
20052
20054
20055
20057
20063
20064
20065
20066
20067
20068
20069
20070
20072
20075
20076
20077
20079
20080
20084
20086
20087
20088
20089
20091
20092
20094
20095
20098
20101
20102
20104
20105
20106
20108
20109
20110
20112
20114
20116
20117
20118
20121
20126
20127
20128
20133
20137
20139
20140
20141
20142
20143
20144
20147
20150
20152
20157
20160
20162
20163
20164
20166
20169
20170
20175
20177
20179
20181
20184
20185
20186
20191
20193
20196
20198
20199
20200
20201
20202
20203
20206
20207
20208
20211
20213
20215
20216
20218
20220
20222
20224
20226
20230
20231
20232
20235
20236
20241
20242
20244
20248
20249
20250
20251
20254
20255
20256
20258
20259
20260
20261
20262
20263
20267
20269
20271
20272
20273
20274
20275
20276
20277
20279
20280
20283
20284
20287
20288
20289
20290
20291
20292
20293
20295
20297
20298
20302
20303
20305
20306
20307
20308
20309
20310
20314
20315
20316
20322
20323
20324
20326
20327
20328
20333
20337
20342
20343
20344
20345
20346
20347
20348
20350
20351
20352
20353
20354
20358
20359
20360
20365
20366
20367
20368
20369
20370
20371
20375
20377
20378
20379
20384
20386
20388
20389
20392
20396
20397
20398
20400
20402
20404
20405
20407
20409
20413
20414
20415
20416
20417
20418
20419
20422
20423
20426
20427
20428
20429
20432
20435
20439
20440
20441
20442
20443
20445
20446
20447
20448
20449
20453
20454
20455
20457
20458
20459
20460
20461
20462
20463
20464
20466
20467
20468
20471
20472
20473
20474
20475
20479
20480
20481
20482
20483
20484
20485
20487
20489
20491
20492
20493
20494
20500
20501
20502
20503
20504
20506
20507
20508
20510
20511
20512
20514
20515
20516
20517
20520
20522
20523
20524
20525
20528
20529
20531
20532
20533
20536
20537
20539
20540
20542
20543
20544
20547
20550
20552
20554
20555
20556
20557
20559
20561
20562
20563
20565
20572
20573
20576
20580
20582
20583
20586
20588
20590
20591
20592
20593
20594
20595
20597
20598
20599
20602
20603
20604
20605
20608
20609
20610
20611
20612
20614
20615
20618
20619
20620
20621
20626
20634
20635
20637
20638
20639
20641
20642
20643
20646
20648
20650
20652
20653
20654
20657
20658
20659
20661
20662
20664
20666
20669
20670
20671
20673
20674
20675
20676
20679
20682
20685
20688
20690
20691
20693
20696
20702
20707
20708
20709
20710
20711
20712
20713
20715
20716
20717
20718
20719
20720
20723
20728
20729
20734
20737
20739
20740
20742
20745
20747
20748
20750
20752
20754
20756
20757
20758
20762
20763
20764
20765
20766
20767
20768
20769
20770
20776
20777
20778
20779
20782
20783
20785
20786
20788
20789
20792
20796
20797
20798
20802
20806
20809
20810
20812
20813
20814
20815
20816
20818
20819
20821
20823
20826
20827
20828
20829
20830
20833
20834
20835
20836
20838
20840
20843
20844
20845
20847
20850
20851
20853
20856
20859
20861
20863
20866
20868
20869
20873
20874
20875
20877
20881
20882
20884
20885
20886
20888
20890
20892
20893
20894
20896
20903
20904
20905
20913
20914
20918
20920
20921
20922
20923
20931
20932
20934
20935
20937
20938
20942
20944
20945
20946
20947
20948
20950
20951
20952
20953
20956
20958
20959
20960
20962
20963
20964
20970
20971
20972
20973
20974
20975
20976
20978
20979
20980
20983
20984
20985
20986
20987
20989
20990
20992
20994
20998
20999
21001
21004
21007
21008
21011
21012
21013
21014
21015
21017
21018
21020
21021
21022
21023
21024
21027
21029
21030
21032
21033
21034
21035
21037
21040
21041
21044
21048
21049
21050
21052
21054
21055
21056
21059
21063
21065
21067
21068
21071
21073
21074
21075
21079
21081
21084
21085
21089
21090
21091
21093
21094
21095
21097
21099
21102
21103
21105
21106
21107
21109
21110
21111
21113
21116
21117
21119
21121
21122
21128
21129
21133
21135
21136
21137
21138
21139
21140
21141
21143
21144
21145
21146
21148
21152
21153
21154
21156
21157
21158
21168
21169
21170
21172
21174
21175
21177
21178
21180
21184
21187
21188
21189
21191
21193
21195
21197
21198
21199
21201
21202
21204
21206
21207
21210
21211
21212
21213
21215
21216
21218
21219
21220
21222
21223
21224
21226
21227
21229
21231
21232
21233
21234
21241
21242
21245
21249
21250
21254
21257
21259
21260
21261
21262
21263
21264
21265
21266
21269
21270
21272
21274
21275
21276
21279
21281
21282
21283
21284
21285
21288
21289
21291
21292
21294
21295
21296
21298
21300
21303
21304
21305
21306
21307
21308
21310
21313
21317
21320
21321
21322
21323
21326
21329
21331
21333
21334
21337
21338
21339
21340
21341
21342
21345
21346
21349
21350
21351
21354
21355
21356
21357
21359
21360
21361
21366
21367
21369
21371
21372
21373
21374
21376
21377
21378
21380
21381
21382
21383
21386
21387
21388
21391
21392
21393
21394
21395
21397
21399
21401
21402
21403
21404
21405
21406
21412
21414
21418
21419
21422
21424
21428
21430
21431
21436
21440
21441
21442
21446
21447
21448
21449
21450
21451
21452
21453
21456
21457
21458
21459
21460
21462
21466
21467
21468
21477
21478
21479
21484
21485
21486
21490
21493
21496
21498
21500
21501
21504
21505
21506
21509
21510
21512
21513
21514
21515
21516
21520
21521
21522
21526
21527
21529
21532
21533
21535
21537
21538
21540
21541
21543
21545
21546
21552
21554
21555
21559
21561
21562
21563
21564
21565
21566
21568
21569
21572
21573
21574
21576
21579
21580
21582
21584
21586
21587
21596
21597
21600
21602
21603
21605
21606
21610
21611
21615
21617
21618
21620
21621
21622
21624
21626
21630
21632
21633
21634
21637
21639
21641
21642
21643
21644
21645
21646
21647
21648
21650
21654
21657
21660
21661
21662
21664
21667
21668
21669
21670
21671
21672
21673
21675
21676
21677
21678
21679
21680
21681
21684
21685
21687
21688
21690
21692
21695
21696
21698
21700
21702
21703
21704
21708
21710
21711
21713
21714
21716
21720
21722
21724
21729
21730
21731
21734
21736
21737
21738
21739
21740
21741
21742
21744
21748
21749
21750
21753
21754
21755
21756
21757
21758
21759
21760
21761
21763
21764
21765
21766
21767
21768
21770
21771
21773
21776
21777
21778
21780
21781
21782
21783
21784
21785
21786
21787
21789
21791
21792
21793
21794
21795
21796
21797
21798
21799
21801
21802
21804
21807
21809
21810
21811
21813
21814
21816
21817
21820
21821
21822
21823
21825
21827
21829
21832
21833
21834
21835
21837
21839
21841
21843
21845
21846
21849
21850
21851
21852
21853
21856
21859
21860
21862
21865
21866
21867
21868
21870
21872
21873
21874
21875
21876
21878
21879
21880
21882
21887
21891
21892
21893
21894
21895
21897
21900
21901
21902
21903
21904
21905
21907
21908
21909
21911
21912
21913
21916
21918
21920
21921
21922
21924
21925
21926
21927
21928
21929
21930
21932
21933
21936
21939
21950
21953
21954
21955
21958
21963
21967
21968
21969
21970
21971
21972
21974
21977
21978
21985
21986
21987
21988
21990
21992
21993
21994
21995
22001
22002
22003
22004
22005
22006
22010
22011
22012
22013
22015
22016
22017
22018
22021
22022
22024
22026
22028
22029
22030
22032
22034
22036
22037
22038
22040
22042
22043
22044
22047
22048
22049
22050
22051
22055
22060
22061
22062
22065
22066
22068
22069
22073
22075
22077
22078
22079
22080
22081
22082
22083
22084
22085
22086
22087
22088
22089
22092
22094
22100
22101
22102
22104
22105
22106
22109
22111
22113
22116
22117
22118
22122
22125
22126
22129
22130
22131
22133
22137
22138
22143
22144
22145
22146
22147
22149
22150
22152
22153
22155
22160
22161
22163
22164
22168
22170
22171
22172
22173
22174
22176
22177
22178
22180
22181
22183
22185
22186
22189
22191
22192
22193
22195
22197
22198
22200
22201
22203
22205
22206
22207
22209
22210
22212
22214
22219
22221
22222
22224
22225
22227
22228
22231
22232
22236
22240
22244
22245
22246
22250
22251
22253
22254
22255
22258
22263
22265
22267
22269
22270
22271
22272
22276
22277
22278
22280
22282
22284
22286
22290
22292
22293
22296
22297
22299
22302
22304
22305
22306
22309
22310
22312
22313
22314
22316
22317
22318
22320
22322
22324
22327
22328
22329
22332
22333
22334
22335
22336
22338
22342
22343
22344
22345
22346
22350
22359
22360
22362
22364
22367
22369
22370
22373
22375
22376
22379
22380
22381
22382
22383
22384
22386
22387
22388
22392
22393
22396
22397
22398
22399
22401
22402
22403
22404
22407
22409
22411
22412
22413
22414
22416
22417
22418
22419
22420
22422
22423
22424
22426
22427
22428
22429
22432
22433
22434
22437
22438
22440
22441
22442
22443
22444
22446
22447
22449
22452
22454
22456
22461
22462
22463
22464
22466
22467
22470
22472
22477
22483
22485
22487
22492
22493
22496
22498
22503
22504
22505
22506
22507
22509
22510
22511
22512
22513
22514
22516
22517
22518
22519
22520
22527
22529
22530
22531
22533
22534
22535
22537
22538
22541
22542
22545
22548
22550
22552
22555
22556
22557
22559
22560
22562
22564
22565
22567
22570
22572
22573
22577
22579
22581
22584
22585
22586
22587
22588
22590
22591
22593
22594
22596
22597
22600
22602
22603
22606
22607
22608
22611
22612
22613
22614
22615
22616
22618
22619
22620
22621
22624
22625
22626
22628
22629
22631
22632
22633
22640
22641
22642
22644
22645
22646
22647
22650
22651
22653
22655
22656
22657
22658
22661
22665
22666
22668
22669
22673
22674
22676
22677
22678
22679
22681
22682
22685
22686
22687
22688
22689
22690
22691
22693
22695
22696
22698
22701
22702
22704
22710
22711
22712
22713
22716
22717
22718
22719
22721
22723
22724
22725
22727
22728
22729
22730
22731
22732
22733
22734
22735
22739
22742
22748
22749
22752
22753
22754
22758
22759
22763
22764
22765
22766
22767
22768
22769
22770
22773
22774
22775
22776
22778
22780
22782
22784
22785
22788
22789
22792
22795
22799
22800
22802
22806
22812
22813
22814
22815
22816
22817
22818
22821
22822
22824
22827
22829
22830
22832
22834
22836
22838
22840
22841
22843
22845
22853
22861
22863
22864
22867
22868
22869
22870
22871
22872
22873
22874
22877
22881
22882
22883
22884
22890
22891
22892
22893
22894
22896
22900
22901
22903
22904
22909
22910
22911
22913
22915
22917
22918
22920
22922
22929
22935
22936
22937
22938
22939
22940
22941
22942
22943
22944
22945
22946
22948
22949
22952
22954
22955
22956
22957
22958
22960
22961
22964
22969
22972
22973
22974
22975
22977
22978
22979
22981
22983
22986
22988
22990
22992
22993
22996
22998
23002
23004
23005
23006
23007
23010
23011
23012
23018
23019
23020
23021
23024
23028
23029
23030
23031
23032
23033
23034
23037
23039
23040
23041
23045
23047
23049
23050
23051
23052
23053
23056
23060
23064
23066
23067
23069
23071
23073
23076
23077
23079
23082
23084
23086
23087
23089
23090
23092
23093
23095
23096
23097
23098
23100
23104
23105
23106
23108
23118
23121
23122
23124
23126
23128
23131
23133
23135
23136
23138
23140
23141
23142
23143
23144
23145
23151
23152
23154
23156
23159
23161
23164
23167
23168
23170
23171
23172
23176
23177
23178
23185
23186
23187
23188
23189
23190
23192
23193
23194
23197
23198
23200
23201
23202
23203
23204
23206
23207
23210
23212
23215
23216
23217
23218
23219
23220
23224
23226
23227
23232
23234
23237
23241
23242
23244
23245
23246
23247
23248
23250
23255
23256
23257
23262
23263
23265
23266
23267
23268
23269
23271
23273
23274
23277
23278
23281
23282
23284
23288
23290
23291
23294
23295
23296
23297
23298
23299
23301
23303
23304
23305
23306
23307
23309
23311
23312
23313
23314
23316
23318
23322
23326
23327
23329
23330
23331
23332
23338
23340
23342
23346
23347
23348
23349
23350
23352
23353
23355
23357
23358
23361
23363
23364
23369
23370
23371
23373
23374
23376
23378
23379
23384
23385
23386
23388
23389
23391
23392
23393
23396
23397
23398
23399
23401
23403
23404
23405
23406
23408
23410
23411
23412
23414
23415
23416
23417
23418
23419
23420
23423
23426
23431
23433
23434
23436
23439
23440
23441
23444
23446
23448
23452
23454
23456
23459
23461
23464
23465
23466
23468
23470
23471
23477
23478
23479
23480
23483
23485
23487
23489
23490
23493
23494
23495
23496
23497
23498
23499
23501
23502
23504
23508
23509
23511
23512
23515
23516
23517
23518
23519
23520
23521
23522
23523
23524
23525
23529
23530
23532
23535
23536
23537
23538
23540
23542
23544
23546
23548
23550
23551
23552
23553
23554
23562
23566
23567
23568
23570
23572
23574
23575
23576
23578
23580
23583
23584
23587
23589
23592
23595
23597
23598
23602
23604
23607
23609
23610
23611
23612
23613
23615
23617
23620
23622
23624
23625
23626
23627
23628
23629
23630
23631
23632
23633
23634
23637
23641
23644
23645
23646
23647
23648
23649
23650
23653
23654
23655
23656
23657
23658
23663
23664
23665
23667
23668
23669
23670
23673
23674
23675
23676
23680
23681
23683
23684
23687
23688
23689
23690
23691
23695
23697
23698
23702
23706
23707
23710
23711
23712
23714
23715
23717
23718
23719
23720
23722
23725
23726
23727
23729
23730
23731
23732
23733
23734
23736
23737
23738
23740
23741
23745
23747
23749
23750
23751
23754
23756
23757
23758
23759
23760
23761
23762
23763
23768
23769
23771
23772
23774
23775
23776
23777
23778
23779
23781
23782
23783
23784
23786
23787
23788
23789
23790
23791
23792
23793
23794
23796
23797
23798
23799
23800
23802
23803
23806
23810
23813
23814
23815
23817
23820
23822
23825
23826
23827
23828
23829
23830
23831
23832
23837
23838
23839
23840
23842
23843
23844
23847
23849
23850
23851
23852
23853
23854
23855
23857
23858
23859
23860
23862
23863
23864
23866
23871
23873
23875
23881
23882
23883
23884
23885
23891
23893
23894
23895
23896
23898
23900
23901
23902
23903
23905
23909
23915
23916
23917
23919
23920
23921
23924
23930
23931
23933
23935
23937
23938
23939
23941
23943
23945
23946
23947
23949
23950
23952
23955
23958
23959
23960
23963
23968
23969
23972
23973
23974
23975
23977
23978
23979
23981
23983
23984
23985
23986
23987
23988
23989
23990
23992
23993
23995
23996
24001
24006
24008
24009
24010
24013
24014
24015
24019
24022
24023
24024
24025
24027
24030
24031
24033
24035
24037
24038
24039
24040
24041
24043
24045
24046
24047
24050
24052
24053
24056
24057
24058
24059
24060
24062
24066
24067
24069
24070
24071
24074
24075
24076
24077
24078
24079
24080
24082
24083
24088
24090
24091
24099
24100
24101
24102
24103
24107
24108
24109
24110
24112
24113
24114
24115
24116
24119
24120
24124
24126
24129
24130
24131
24132
24133
24134
24136
24137
24141
24142
24144
24145
24146
24147
24148
24149
24151
24153
24154
24155
24158
24162
24163
24164
24166
24167
24168
24169
24170
24171
24172
24174
24175
24177
24179
24180
24181
24183
24184
24190
24191
24194
24195
24196
24202
24207
24210
24212
24213
24214
24216
24218
24222
24224
24225
24226
24227
24228
24230
24231
24234
24235
24237
24238
24243
24245
24247
24248
24249
24250
24253
24254
24256
24257
24259
24260
24263
24265
24266
24269
24270
24272
24273
24277
24278
24279
24280
24284
24287
24290
24293
24296
24299
24300
24302
24303
24305
24309
24311
24312
24314
24315
24318
24319
24321
24322
24323
24326
24329
24330
24331
24332
24333
24334
24337
24339
24340
24341
24342
24347
24348
24349
24350
24351
24353
24354
24355
24356
24358
24359
24360
24361
24362
24363
24366
24368
24373
24375
24376
24377
24378
24385
24386
24387
24389
24391
24392
24393
24395
24396
24398
24399
24400
24401
24405
24410
24411
24412
24416
24418
24419
24420
24421
24425
24426
24427
24429
24430
24431
24432
24433
24434
24436
24437
24438
24447
24449
24450
24452
24453
24454
24458
24459
24465
24466
24469
24470
24471
24474
24477
24478
24480
24483
24484
24485
24486
24487
24488
24492
24493
24502
24503
24505
24506
24508
24509
24513
24516
24518
24521
24522
24523
24526
24527
24529
24530
24535
24536
24538
24539
24540
24541
24542
24547
24548
24550
24552
24557
24559
24560
24562
24563
24564
24565
24572
24574
24575
24576
24584
24585
24588
24589
24592
24594
24595
24599
24600
24601
24602
24603
24604
24605
24608
24609
24610
24613
24615
24616
24618
24619
24621
24623
24626
24630
24631
24634
24636
24637
24638
24644
24645
24649
24652
24654
24655
24656
24658
24659
24661
24663
24664
24665
24670
24671
24672
24673
24674
24676
24681
24682
24683
24686
24688
24689
24691
24693
24695
24697
24698
24699
24703
24704
24705
24707
24708
24711
24712
24715
24719
24720
24721
24722
24724
24725
24726
24727
24728
24731
24733
24734
24739
24740
24742
24743
24745
24746
24747
24748
24749
24756
24757
24758
24760
24761
24764
24767
24768
24769
24770
24771
24773
24774
24775
24776
24778
24780
24783
24786
24787
24788
24789
24790
24791
24792
24793
24795
24796
24803
24804
24811
24813
24814
24817
24821
24823
24825
24827
24829
24830
24832
24834
24835
24836
24837
24838
24839
24841
24842
24845
24848
24849
24850
24852
24853
24854
24856
24858
24861
24863
24864
24867
24868
24870
24871
24872
24874
24875
24876
24877
24880
24881
24883
24884
24888
24889
24890
24892
24893
24895
24896
24897
24898
24900
24901
24905
24906
24911
24912
24914
24916
24917
24918
24920
24921
24922
24923
24925
24926
24927
24929
24930
24931
24932
24934
24935
24936
24937
24938
24939
24943
24948
24951
24952
24953
24954
24956
24957
24961
24962
24963
24964
24965
24967
24968
24971
24974
24975
24978
24979
24980
24983
24986
24989
24990
24991
24995
24999
25001
25003
25005
25007
25008
25011
25015
25018
25020
25021
25023
25024
25025
25026
25027
25028
25029
25031
25034
25035
25040
25041
25042
25044
25047
25048
25049
25050
25051
25053
25056
25057
25058
25059
25060
25064
25065
25066
25068
25069
25070
25071
25072
25073
25074
25079
25082
25084
25085
25086
25087
25088
25090
25094
25096
25098
25100
25101
25102
25103
25105
25107
25109
25110
25114
25116
25119
25120
25122
25123
25124
25126
25128
25130
25131
25132
25133
25134
25136
25139
25140
25142
25144
25145
25146
25147
25148
25150
25151
25152
25155
25156
25158
25162
25163
25164
25166
25168
25170
25173
25174
25176
25177
25178
25179
25180
25182
25183
25188
25189
25190
25192
25194
25195
25197
25198
25199
25200
25204
25208
25209
25210
25211
25213
25215
25217
25218
25220
25222
25224
25227
25228
25229
25230
25233
25234
25235
25236
25237
25244
25246
25248
25250
25251
25252
25255
25259
25260
25265
25267
25269
25270
25271
25273
25274
25275
25276
25277
25278
25280
25282
25284
25285
25288
25289
25293
25294
25295
25297
25299
25300
25301
25305
25306
25307
25309
25310
25315
25316
25318
25320
25321
25322
25323
25324
25326
25327
25328
25333
25334
25336
25337
25338
25340
25342
25343
25344
25345
25348
25349
25350
25351
25353
25355
25361
25362
25363
25365
25368
25369
25371
25372
25373
25374
25377
25378
25379
25380
25382
25384
25385
25387
25389
25391
25392
25394
25399
25400
25401
25405
25408
25409
25412
25413
25414
25415
25419
25420
25421
25422
25423
25424
25426
25427
25429
25432
25433
25434
25435
25436
25438
25440
25441
25442
25443
25444
25445
25446
25447
25453
25454
25455
25457
25458
25460
25461
25463
25464
25465
25466
25467
25468
25469
25472
25473
25475
25477
25478
25483
25484
25485
25488
25491
25492
25494
25495
25498
25502
25503
25504
25506
25507
25508
25510
25513
25516
25517
25518
25519
25520
25522
25523
25526
25528
25529
25530
25531
25532
25533
25534
25537
25542
25544
25546
25548
25550
25551
25552
25553
25555
25556
25559
25560
25561
25565
25566
25567
25570
25573
25574
25575
25576
25577
25578
25580
25582
25586
25587
25588
25589
25590
25592
25600
25606
25608
25609
25610
25612
25613
25614
25615
25618
25620
25624
25625
25627
25628
25630
25631
25634
25635
25636
25638
25640
25641
25642
25647
25648
25654
25655
25657
25658
25659
25660
25661
25664
25667
25669
25670
25675
25676
25678
25680
25681
25682
25684
25685
25686
25687
25688
25689
25690
25691
25692
25694
25697
25698
25702
25708
25713
25716
25717
25718
25720
25724
25726
25727
25731
25734
25736
25737
25739
25740
25741
25743
25745
25746
25749
25750
25752
25754
25756
25759
25760
25761
25762
25763
25766
25767
25771
25773
25776
25777
25778
25779
25781
25784
25785
25786
25787
25788
25789
25793
25794
25795
25796
25797
25798
25799
25803
25804
25805
25806
25808
25809
25811
25813
25814
25815
25816
25818
25819
25820
25823
25827
25830
25833
25835
25841
25843
25846
25847
25848
25849
25852
25853
25856
25858
25862
25863
25865
25867
25869
25870
25871
25872
25873
25878
25882
25884
25886
25888
25891
25892
25893
25894
25895
25896
25897
25900
25902
25903
25904
25908
25909
25911
25912
25913
25916
25917
25918
25919
25922
25923
25924
25925
25927
25928
25929
25930
25932
25933
25934
25935
25936
25937
25938
25941
25942
25943
25945
25946
25947
25948
25949
25950
25951
25952
25953
25954
25955
25959
25960
25961
25962
25965
25966
25968
25969
25970
25971
25974
25977
25978
25979
25980
25981
25982
25985
25986
25987
25990
25991
25994
25996
25997
25998
25999
26001
26003
26007
26008
26010
26011
26012
26013
26015
26016
26017
26018
26023
26024
26025
26030
26031
26033
26034
26035
26037
26038
26039
26042
26043
26044
26045
26048
26049
26050
26052
26053
26055
26056
26057
26059
26060
26061
26063
26065
26067
26068
26069
26071
26073
26076
26077
26078
26079
26082
26083
26085
26086
26088
26089
26094
26095
26097
26098
26099
26100
26101
26103
26104
26105
26106
26107
26111
26116
26117
26119
26122
26128
26133
26134
26135
26138
26139
26141
26143
26144
26145
26146
26148
26149
